j307_8.mm ; 1900052 ; 14 ; 47 ; 1400047 ; 0.730 ; j307_8.sol ; 1700 ; 1000 ; 5000 ; 10000 ; 0.25 ;
j308_6.mm ; 2500049 ; 22 ; 46 ; 2200046 ; 3.119 ; j308_6.sol ; 1700 ; 1000 ; 5000 ; 10000 ; 0.25 ;
j309_1.mm ; 1800048 ; 1 ; 31 ; 100031 ; 3.724 ; j309_1.sol ; 1700 ; 1000 ; 5000 ; 10000 ; 0.25 ;
j309_2.mm ; 1400040 ; 1 ; 27 ; 100027 ; 4.342 ; j309_2.sol ; 1700 ; 1000 ; 5000 ; 10000 ; 0.25 ;
j309_3.mm ; 1400045 ; 3 ; 34 ; 300034 ; 6.545 ; j309_3.sol ; 1700 ; 1000 ; 5000 ; 10000 ; 0.25 ;
j309_4.mm ; 1800047 ; 1 ; 30 ; 100030 ; 104.852 ; j309_4.sol ; 1700 ; 1000 ; 5000 ; 10000 ; 0.25 ;
j309_5.mm ; 1500040 ; 2 ; 27 ; 200027 ; 19.097 ; j309_5.sol ; 1700 ; 1000 ; 5000 ; 10000 ; 0.25 ;
j309_6.mm ; 2500051 ; 5 ; 31 ; 500031 ; 2987.432 ; j309_6.sol ; 1700 ; 1000 ; 5000 ; 10000 ; 0.25 ;
j309_7.mm ; 1100046 ; 0 ; 35 ; 35 ; 1.864 ; j309_7.sol ; 1700 ; 1000 ; 5000 ; 10000 ; 0.25 ;
j309_8.mm ; 700032 ; 1 ; 26 ; 100026 ; 29.668 ; j309_8.sol ; 1700 ; 1000 ; 5000 ; 10000 ; 0.25 ;
j309_9.mm ; 1100041 ; 2 ; 32 ; 200032 ; 1.067 ; j309_9.sol ; 1700 ; 1000 ; 5000 ; 10000 ; 0.25 ;
j309_10.mm ; 700031 ; 1 ; 25 ; 100025 ; 30.693 ; j309_10.sol ; 1700 ; 1000 ; 5000 ; 10000 ; 0.25 ;
j3010_1.mm ; 26 ; 0 ; 26 ; 26 ; 0.214 ; j3010_1.sol ; 1700 ; 1000 ; 5000 ; 10000 ; 0.25 ;
j3010_2.mm ; 400032 ; 0 ; 28 ; 28 ; 0.291 ; j3010_2.sol ; 1700 ; 1000 ; 5000 ; 10000 ; 0.25 ;
j3010_3.mm ; 300027 ; 0 ; 24 ; 24 ; 0.439 ; j3010_3.sol ; 1700 ; 1000 ; 5000 ; 10000 ; 0.25 ;
j3010_4.mm ; 300039 ; 0 ; 36 ; 36 ; 0.214 ; j3010_4.sol ; 1700 ; 1000 ; 5000 ; 10000 ; 0.25 ;
j3010_5.mm ; 700040 ; 0 ; 33 ; 33 ; 1.371 ; j3010_5.sol ; 1700 ; 1000 ; 5000 ; 10000 ; 0.25 ;
j3010_6.mm ; 300028 ; 0 ; 25 ; 25 ; 1.149 ; j3010_6.sol ; 1700 ; 1000 ; 5000 ; 10000 ; 0.25 ;
j3010_7.mm ; 22 ; 0 ; 22 ; 22 ; 0.316 ; j3010_7.sol ; 1700 ; 1000 ; 5000 ; 10000 ; 0.25 ;
j3010_8.mm ; 100032 ; 0 ; 31 ; 31 ; 0.542 ; j3010_8.sol ; 1700 ; 1000 ; 5000 ; 10000 ; 0.25 ;
j3010_9.mm ; 700045 ; 0 ; 38 ; 38 ; 0.141 ; j3010_9.sol ; 1700 ; 1000 ; 5000 ; 10000 ; 0.25 ;
j3010_10.mm ; 600038 ; 0 ; 32 ; 32 ; 0.632 ; j3010_10.sol ; 1700 ; 1000 ; 5000 ; 10000 ; 0.25 ;
j3011_1.mm ; 35 ; 0 ; 35 ; 35 ; 0.229 ; j3011_1.sol ; 1700 ; 1000 ; 5000 ; 10000 ; 0.25 ;
j3011_2.mm ; 300031 ; 0 ; 28 ; 28 ; 0.605 ; j3011_2.sol ; 1700 ; 1000 ; 5000 ; 10000 ; 0.25 ;
j3011_3.mm ; 500036 ; 0 ; 31 ; 31 ; 0.521 ; j3011_3.sol ; 1700 ; 1000 ; 5000 ; 10000 ; 0.25 ;
j3011_4.mm ; 35 ; 0 ; 35 ; 35 ; 0.164 ; j3011_4.sol ; 1700 ; 1000 ; 5000 ; 10000 ; 0.25 ;
j3011_5.mm ; 200037 ; 0 ; 35 ; 35 ; 0.164 ; j3011_5.sol ; 1700 ; 1000 ; 5000 ; 10000 ; 0.25 ;
j3011_6.mm ; 400037 ; 0 ; 33 ; 33 ; 0.716 ; j3011_6.sol ; 1700 ; 1000 ; 5000 ; 10000 ; 0.25 ;
j3011_7.mm ; 500037 ; 0 ; 32 ; 32 ; 0.425 ; j3011_7.sol ; 1700 ; 1000 ; 5000 ; 10000 ; 0.25 ;
j3011_8.mm ; 30 ; 0 ; 30 ; 30 ; 0.100 ; j3011_8.sol ; 1700 ; 1000 ; 5000 ; 10000 ; 0.25 ;
j3011_9.mm ; 1500041 ; 0 ; 26 ; 26 ; 2.744 ; j3011_9.sol ; 1700 ; 1000 ; 5000 ; 10000 ; 0.25 ;
j3011_10.mm ; 300038 ; 0 ; 35 ; 35 ; 0.321 ; j3011_10.sol ; 1700 ; 1000 ; 5000 ; 10000 ; 0.25 ;
j3012_1.mm ; 100030 ; 0 ; 29 ; 29 ; 0.340 ; j3012_1.sol ; 1700 ; 1000 ; 5000 ; 10000 ; 0.25 ;
j3012_2.mm ; 100032 ; 0 ; 31 ; 31 ; 0.348 ; j3012_2.sol ; 1700 ; 1000 ; 5000 ; 10000 ; 0.25 ;
j3012_3.mm ; 300037 ; 0 ; 34 ; 34 ; 0.395 ; j3012_3.sol ; 1700 ; 1000 ; 5000 ; 10000 ; 0.25 ;
j3012_4.mm ; 100030 ; 0 ; 29 ; 29 ; 0.319 ; j3012_4.sol ; 1700 ; 1000 ; 5000 ; 10000 ; 0.25 ;
j3012_5.mm ; 25 ; 0 ; 25 ; 25 ; 0.185 ; j3012_5.sol ; 1700 ; 1000 ; 5000 ; 10000 ; 0.25 ;
j3012_6.mm ; 600040 ; 0 ; 34 ; 34 ; 0.436 ; j3012_6.sol ; 1700 ; 1000 ; 5000 ; 10000 ; 0.25 ;
j3012_7.mm ; 200029 ; 0 ; 27 ; 27 ; 0.477 ; j3012_7.sol ; 1700 ; 1000 ; 5000 ; 10000 ; 0.25 ;
j3012_8.mm ; 28 ; 0 ; 28 ; 28 ; 0.263 ; j3012_8.sol ; 1700 ; 1000 ; 5000 ; 10000 ; 0.25 ;
j3012_9.mm ; 400026 ; 0 ; 22 ; 22 ; 2.192 ; j3012_9.sol ; 1700 ; 1000 ; 5000 ; 10000 ; 0.25 ;
j3012_10.mm ; 28 ; 0 ; 28 ; 28 ; 0.112 ; j3012_10.sol ; 1700 ; 1000 ; 5000 ; 10000 ; 0.25 ;
j3013_1.mm ; 1500051 ; 1 ; 37 ; 100037 ; 6.446 ; j3013_1.sol ; 1700 ; 1000 ; 5000 ; 10000 ; 0.25 ;
j3013_2.mm ; 2800055 ; 13 ; 40 ; 1300040 ; 15.926 ; j3013_2.sol ; 1700 ; 1000 ; 5000 ; 10000 ; 0.25 ;
j3013_3.mm ; 2400054 ; 11 ; 41 ; 1100041 ; 30.216 ; j3013_3.sol ; 1700 ; 1000 ; 5000 ; 10000 ; 0.25 ;
j3013_4.mm ; 3200057 ; 16 ; 41 ; 1600041 ; 196.186 ; j3013_4.sol ; 1700 ; 1000 ; 5000 ; 10000 ; 0.25 ;
j3013_5.mm ; 3300060 ; 11 ; 38 ; 1100038 ; 135.910 ; j3013_5.sol ; 1700 ; 1000 ; 5000 ; 10000 ; 0.25 ;
j3013_6.mm ; 2100052 ; 7 ; 38 ; 700038 ; 46.730 ; j3013_6.sol ; 1700 ; 1000 ; 5000 ; 10000 ; 0.25 ;
j3013_7.mm ; 2500058 ; 8 ; 41 ; 800041 ; 16.453 ; j3013_7.sol ; 1700 ; 1000 ; 5000 ; 10000 ; 0.25 ;
j3013_8.mm ; 1100037 ; 2 ; 28 ; 200028 ; 16.162 ; j3013_8.sol ; 1700 ; 1000 ; 5000 ; 10000 ; 0.25 ;
j3013_9.mm ; 1600035 ; 11 ; 30 ; 1100030 ; 40.439 ; j3013_9.sol ; 1700 ; 1000 ; 5000 ; 10000 ; 0.25 ;
j3013_10.mm ; 2800057 ; 13 ; 42 ; 1300042 ; 25.723 ; j3013_10.sol ; 1700 ; 1000 ; 5000 ; 10000 ; 0.25 ;
j3014_1.mm ; 1400051 ; 0 ; 37 ; 37 ; 13.597 ; j3014_1.sol ; 1700 ; 1000 ; 5000 ; 10000 ; 0.25 ;
j3014_2.mm ; 1100042 ; 1 ; 32 ; 100032 ; 208.146 ; j3014_2.sol ; 1700 ; 1000 ; 5000 ; 10000 ; 0.25 ;
j3014_3.mm ; 1600045 ; 1 ; 30 ; 100030 ; 1137.538 ; j3014_3.sol ; 1700 ; 1000 ; 5000 ; 10000 ; 0.25 ;
j3014_4.mm ; 1400043 ; 5 ; 34 ; 500034 ; 44.614 ; j3014_4.sol ; 1700 ; 1000 ; 5000 ; 10000 ; 0.25 ;
j3014_5.mm ; 1800044 ; 18 ; 44 ; 1800044 ; 0.927 ; j3014_5.sol ; 1700 ; 1000 ; 5000 ; 10000 ; 0.25 ;
j3014_6.mm ; 400033 ; 0 ; 29 ; 29 ; 0.204 ; j3014_6.sol ; 1700 ; 1000 ; 5000 ; 10000 ; 0.25 ;
j3014_7.mm ; 1000044 ; 0 ; 34 ; 34 ; 31.892 ; j3014_7.sol ; 1700 ; 1000 ; 5000 ; 10000 ; 0.25 ;
j3014_8.mm ; 800049 ; 0 ; 41 ; 41 ; 13.321 ; j3014_8.sol ; 1700 ; 1000 ; 5000 ; 10000 ; 0.25 ;
j3014_9.mm ; 600037 ; 0 ; 31 ; 31 ; 24.746 ; j3014_9.sol ; 1700 ; 1000 ; 5000 ; 10000 ; 0.25 ;
j3014_10.mm ; 1200040 ; 1 ; 29 ; 100029 ; 55.694 ; j3014_10.sol ; 1700 ; 1000 ; 5000 ; 10000 ; 0.25 ;
j3015_1.mm ; 40 ; 0 ; 40 ; 40 ; 0.096 ; j3015_1.sol ; 1700 ; 1000 ; 5000 ; 10000 ; 0.25 ;
j3015_2.mm ; 1400048 ; 0 ; 34 ; 34 ; 8.118 ; j3015_2.sol ; 1700 ; 1000 ; 5000 ; 10000 ; 0.25 ;
j3015_3.mm ; 500038 ; 0 ; 33 ; 33 ; 13.066 ; j3015_3.sol ; 1700 ; 1000 ; 5000 ; 10000 ; 0.25 ;
j3015_4.mm ; 100031 ; 0 ; 30 ; 30 ; 0.925 ; j3015_4.sol ; 1700 ; 1000 ; 5000 ; 10000 ; 0.25 ;
j3015_5.mm ; 400027 ; 1 ; 24 ; 100024 ; 4.278 ; j3015_5.sol ; 1700 ; 1000 ; 5000 ; 10000 ; 0.25 ;
j3015_6.mm ; 500027 ; 0 ; 22 ; 22 ; 3.224 ; j3015_6.sol ; 1700 ; 1000 ; 5000 ; 10000 ; 0.25 ;
j3015_7.mm ; 300030 ; 0 ; 27 ; 27 ; 9.797 ; j3015_7.sol ; 1700 ; 1000 ; 5000 ; 10000 ; 0.25 ;
j3015_8.mm ; 900032 ; 0 ; 23 ; 23 ; 5.855 ; j3015_8.sol ; 1700 ; 1000 ; 5000 ; 10000 ; 0.25 ;
j3015_9.mm ; 500033 ; 0 ; 28 ; 28 ; 15.623 ; j3015_9.sol ; 1700 ; 1000 ; 5000 ; 10000 ; 0.25 ;
j3015_10.mm ; 200040 ; 0 ; 38 ; 38 ; 0.467 ; j3015_10.sol ; 1700 ; 1000 ; 5000 ; 10000 ; 0.25 ;
j3016_1.mm ; 200029 ; 0 ; 27 ; 27 ; 0.825 ; j3016_1.sol ; 1700 ; 1000 ; 5000 ; 10000 ; 0.25 ;
j3016_2.mm ; 500046 ; 0 ; 41 ; 41 ; 1.059 ; j3016_2.sol ; 1700 ; 1000 ; 5000 ; 10000 ; 0.25 ;
j3016_3.mm ; 200025 ; 0 ; 23 ; 23 ; 13.418 ; j3016_3.sol ; 1700 ; 1000 ; 5000 ; 10000 ; 0.25 ;
j3016_4.mm ; 200021 ; 0 ; 19 ; 19 ; 1.214 ; j3016_4.sol ; 1700 ; 1000 ; 5000 ; 10000 ; 0.25 ;
j3016_5.mm ; 700037 ; 0 ; 30 ; 30 ; 16.172 ; j3016_5.sol ; 1700 ; 1000 ; 5000 ; 10000 ; 0.25 ;
j3016_6.mm ; 600036 ; 0 ; 30 ; 30 ; 2.411 ; j3016_6.sol ; 1700 ; 1000 ; 5000 ; 10000 ; 0.25 ;
j3016_7.mm ; 300025 ; 0 ; 22 ; 22 ; 2.269 ; j3016_7.sol ; 1700 ; 1000 ; 5000 ; 10000 ; 0.25 ;
j3016_8.mm ; 100026 ; 0 ; 25 ; 25 ; 0.211 ; j3016_8.sol ; 1700 ; 1000 ; 5000 ; 10000 ; 0.25 ;
j3016_9.mm ; 300027 ; 0 ; 24 ; 24 ; 6.959 ; j3016_9.sol ; 1700 ; 1000 ; 5000 ; 10000 ; 0.25 ;
j3016_10.mm ; 32 ; 0 ; 32 ; 32 ; 0.200 ; j3016_10.sol ; 1700 ; 1000 ; 5000 ; 10000 ; 0.25 ;
j3017_1.mm ; 700040 ; 1 ; 34 ; 100034 ; 1141.979 ; j3017_1.sol ; 1700 ; 1000 ; 5000 ; 10000 ; 0.25 ;
j3017_2.mm ; 1300039 ; 0 ; 26 ; 26 ; 26.536 ; j3017_2.sol ; 1700 ; 1000 ; 5000 ; 10000 ; 0.25 ;
j3017_3.mm ; 600038 ; 1 ; 33 ; 100033 ; 8.257 ; j3017_3.sol ; 1700 ; 1000 ; 5000 ; 10000 ; 0.25 ;
j3017_4.mm ; 1600055 ; 0 ; 39 ; 39 ; 92.995 ; j3017_4.sol ; 1700 ; 1000 ; 5000 ; 10000 ; 0.25 ;
j3017_5.mm ; 300031 ; 1 ; 29 ; 100029 ; 0.222 ; j3017_5.sol ; 1700 ; 1000 ; 5000 ; 10000 ; 0.25 ;
j3017_6.mm ; 1000042 ; 1 ; 33 ; 100033 ; 52.269 ; j3017_6.sol ; 1700 ; 1000 ; 5000 ; 10000 ; 0.25 ;
j3017_7.mm ; 1700047 ; 2 ; 32 ; 200032 ; 14.249 ; j3017_7.sol ; 1700 ; 1000 ; 5000 ; 10000 ; 0.25 ;
j3017_8.mm ; 1200039 ; 4 ; 31 ; 400031 ; 356.839 ; j3017_8.sol ; 1700 ; 1000 ; 5000 ; 10000 ; 0.25 ;
j3017_9.mm ; 3900071 ; 2 ; 34 ; 200034 ; 58.381 ; j3017_9.sol ; 1700 ; 1000 ; 5000 ; 10000 ; 0.25 ;
j3017_10.mm ; 300028 ; 1 ; 26 ; 100026 ; 1.729 ; j3017_10.sol ; 1700 ; 1000 ; 5000 ; 10000 ; 0.25 ;
j3018_1.mm ; 100029 ; 0 ; 28 ; 28 ; 0.286 ; j3018_1.sol ; 1700 ; 1000 ; 5000 ; 10000 ; 0.25 ;
j3018_2.mm ; 500038 ; 0 ; 33 ; 33 ; 0.397 ; j3018_2.sol ; 1700 ; 1000 ; 5000 ; 10000 ; 0.25 ;
j3018_3.mm ; 300038 ; 0 ; 35 ; 35 ; 0.637 ; j3018_3.sol ; 1700 ; 1000 ; 5000 ; 10000 ; 0.25 ;
j3018_4.mm ; 31 ; 0 ; 31 ; 31 ; 0.207 ; j3018_4.sol ; 1700 ; 1000 ; 5000 ; 10000 ; 0.25 ;
j3018_5.mm ; 100022 ; 0 ; 21 ; 21 ; 1.146 ; j3018_5.sol ; 1700 ; 1000 ; 5000 ; 10000 ; 0.25 ;
j3018_6.mm ; 100026 ; 0 ; 25 ; 25 ; 0.160 ; j3018_6.sol ; 1700 ; 1000 ; 5000 ; 10000 ; 0.25 ;
j3018_7.mm ; 100036 ; 0 ; 35 ; 35 ; 0.230 ; j3018_7.sol ; 1700 ; 1000 ; 5000 ; 10000 ; 0.25 ;
j3018_8.mm ; 18 ; 0 ; 18 ; 18 ; 0.101 ; j3018_8.sol ; 1700 ; 1000 ; 5000 ; 10000 ; 0.25 ;
j3018_9.mm ; 800032 ; 1 ; 25 ; 100025 ; 10.624 ; j3018_9.sol ; 1700 ; 1000 ; 5000 ; 10000 ; 0.25 ;
j3018_10.mm ; 600039 ; 0 ; 33 ; 33 ; 1.104 ; j3018_10.sol ; 1700 ; 1000 ; 5000 ; 10000 ; 0.25 ;
j3019_1.mm ; 300038 ; 0 ; 35 ; 35 ; 0.152 ; j3019_1.sol ; 1700 ; 1000 ; 5000 ; 10000 ; 0.25 ;
j3019_2.mm ; 200023 ; 0 ; 21 ; 21 ; 0.320 ; j3019_2.sol ; 1700 ; 1000 ; 5000 ; 10000 ; 0.25 ;
j3019_3.mm ; 31 ; 0 ; 31 ; 31 ; 0.061 ; j3019_3.sol ; 1700 ; 1000 ; 5000 ; 10000 ; 0.25 ;
j3019_4.mm ; 30 ; 0 ; 30 ; 30 ; 0.085 ; j3019_4.sol ; 1700 ; 1000 ; 5000 ; 10000 ; 0.25 ;
j3019_5.mm ; 27 ; 0 ; 27 ; 27 ; 0.079 ; j3019_5.sol ; 1700 ; 1000 ; 5000 ; 10000 ; 0.25 ;
j3019_6.mm ; 400028 ; 0 ; 24 ; 24 ; 0.402 ; j3019_6.sol ; 1700 ; 1000 ; 5000 ; 10000 ; 0.25 ;
j3019_7.mm ; 36 ; 0 ; 36 ; 36 ; 0.052 ; j3019_7.sol ; 1700 ; 1000 ; 5000 ; 10000 ; 0.25 ;
j3019_8.mm ; 200036 ; 0 ; 34 ; 34 ; 0.209 ; j3019_8.sol ; 1700 ; 1000 ; 5000 ; 10000 ; 0.25 ;
j3019_9.mm ; 200027 ; 0 ; 25 ; 25 ; 0.160 ; j3019_9.sol ; 1700 ; 1000 ; 5000 ; 10000 ; 0.25 ;
j3019_10.mm ; 200031 ; 0 ; 29 ; 29 ; 0.140 ; j3019_10.sol ; 1700 ; 1000 ; 5000 ; 10000 ; 0.25 ;
j3020_1.mm ; 200032 ; 0 ; 30 ; 30 ; 0.105 ; j3020_1.sol ; 1700 ; 1000 ; 5000 ; 10000 ; 0.25 ;
j3020_2.mm ; 25 ; 0 ; 25 ; 25 ; 0.062 ; j3020_2.sol ; 1700 ; 1000 ; 5000 ; 10000 ; 0.25 ;
j3020_3.mm ; 200029 ; 0 ; 27 ; 27 ; 0.128 ; j3020_3.sol ; 1700 ; 1000 ; 5000 ; 10000 ; 0.25 ;
j3020_4.mm ; 35 ; 0 ; 35 ; 35 ; 0.082 ; j3020_4.sol ; 1700 ; 1000 ; 5000 ; 10000 ; 0.25 ;
j3020_5.mm ; 29 ; 0 ; 29 ; 29 ; 0.059 ; j3020_5.sol ; 1700 ; 1000 ; 5000 ; 10000 ; 0.25 ;
j3020_6.mm ; 200026 ; 0 ; 24 ; 24 ; 0.211 ; j3020_6.sol ; 1700 ; 1000 ; 5000 ; 10000 ; 0.25 ;
j3020_7.mm ; 400034 ; 0 ; 30 ; 30 ; 0.680 ; j3020_7.sol ; 1700 ; 1000 ; 5000 ; 10000 ; 0.25 ;
j3020_8.mm ; 33 ; 0 ; 33 ; 33 ; 0.093 ; j3020_8.sol ; 1700 ; 1000 ; 5000 ; 10000 ; 0.25 ;
j3020_9.mm ; 100027 ; 0 ; 26 ; 26 ; 0.136 ; j3020_9.sol ; 1700 ; 1000 ; 5000 ; 10000 ; 0.25 ;
j3020_10.mm ; 400032 ; 0 ; 28 ; 28 ; 0.608 ; j3020_10.sol ; 1700 ; 1000 ; 5000 ; 10000 ; 0.25 ;
j3021_1.mm ; 2500050 ; 13 ; 38 ; 1300038 ; 85.463 ; j3021_1.sol ; 1700 ; 1000 ; 5000 ; 10000 ; 0.25 ;
j3021_2.mm ; 1800042 ; 10 ; 34 ; 1000034 ; 122.835 ; j3021_2.sol ; 1700 ; 1000 ; 5000 ; 10000 ; 0.25 ;
j3021_3.mm ; 2400050 ; 10 ; 36 ; 1000036 ; 256.370 ; j3021_3.sol ; 1700 ; 1000 ; 5000 ; 10000 ; 0.25 ;
j3021_4.mm ; 2300053 ; 7 ; 37 ; 700037 ; 328.637 ; j3021_4.sol ; 1700 ; 1000 ; 5000 ; 10000 ; 0.25 ;
j3021_5.mm ; 2300046 ; 14 ; 37 ; 1400037 ; 111.851 ; j3021_5.sol ; 1700 ; 1000 ; 5000 ; 10000 ; 0.25 ;
j3021_6.mm ; 1400041 ; 6 ; 33 ; 600033 ; 469.127 ; j3021_6.sol ; 1700 ; 1000 ; 5000 ; 10000 ; 0.25 ;
j3021_7.mm ; 1600042 ; 10 ; 36 ; 1000036 ; 76.715 ; j3021_7.sol ; 1700 ; 1000 ; 5000 ; 10000 ; 0.25 ;
j3021_8.mm ; 3600071 ; 9 ; 44 ; 900044 ; 111.679 ; j3021_8.sol ; 1700 ; 1000 ; 5000 ; 10000 ; 0.25 ;
j3021_9.mm ; 1300039 ; 6 ; 32 ; 600032 ; 178.997 ; j3021_9.sol ; 1700 ; 1000 ; 5000 ; 10000 ; 0.25 ;
j3021_10.mm ; 1300051 ; 7 ; 45 ; 700045 ; 771.636 ; j3021_10.sol ; 1700 ; 1000 ; 5000 ; 10000 ; 0.25 ;
j3022_1.mm ; 800034 ; 0 ; 26 ; 26 ; 44.474 ; j3022_1.sol ; 1700 ; 1000 ; 5000 ; 10000 ; 0.25 ;
j3022_2.mm ; 800043 ; 1 ; 36 ; 100036 ; 148.780 ; j3022_2.sol ; 1700 ; 1000 ; 5000 ; 10000 ; 0.25 ;
j3022_3.mm ; 900033 ; 1 ; 25 ; 100025 ; 84.369 ; j3022_3.sol ; 1700 ; 1000 ; 5000 ; 10000 ; 0.25 ;
j3022_4.mm ; 400029 ; 1 ; 26 ; 100026 ; 256.247 ; j3022_4.sol ; 1700 ; 1000 ; 5000 ; 10000 ; 0.25 ;
j3022_5.mm ; 1200038 ; 4 ; 30 ; 400030 ; 372.540 ; j3022_5.sol ; 1700 ; 1000 ; 5000 ; 10000 ; 0.25 ;
j3022_6.mm ; 400035 ; 0 ; 31 ; 31 ; 16.961 ; j3022_6.sol ; 1700 ; 1000 ; 5000 ; 10000 ; 0.25 ;
j3022_7.mm ; 1000048 ; 0 ; 38 ; 38 ; 26.633 ; j3022_7.sol ; 1700 ; 1000 ; 5000 ; 10000 ; 0.25 ;
j3022_8.mm ; 700039 ; 1 ; 33 ; 100033 ; 71.302 ; j3022_8.sol ; 1700 ; 1000 ; 5000 ; 10000 ; 0.25 ;
j3022_9.mm ; 1500049 ; 0 ; 34 ; 34 ; 10.528 ; j3022_9.sol ; 1700 ; 1000 ; 5000 ; 10000 ; 0.25 ;
j3022_10.mm ; 500028 ; 0 ; 23 ; 23 ; 19.220 ; j3022_10.sol ; 1700 ; 1000 ; 5000 ; 10000 ; 0.25 ;
j3023_1.mm ; 100026 ; 0 ; 25 ; 25 ; 0.240 ; j3023_1.sol ; 1700 ; 1000 ; 5000 ; 10000 ; 0.25 ;
j3023_2.mm ; 900042 ; 0 ; 33 ; 33 ; 1.364 ; j3023_2.sol ; 1700 ; 1000 ; 5000 ; 10000 ; 0.25 ;
j3023_3.mm ; 300026 ; 0 ; 23 ; 23 ; 0.527 ; j3023_3.sol ; 1700 ; 1000 ; 5000 ; 10000 ; 0.25 ;
j3023_4.mm ; 400028 ; 0 ; 24 ; 24 ; 11.636 ; j3023_4.sol ; 1700 ; 1000 ; 5000 ; 10000 ; 0.25 ;
j3023_5.mm ; 200034 ; 0 ; 32 ; 32 ; 0.972 ; j3023_5.sol ; 1700 ; 1000 ; 5000 ; 10000 ; 0.25 ;
j3023_6.mm ; 1100038 ; 0 ; 27 ; 27 ; 75.849 ; j3023_6.sol ; 1700 ; 1000 ; 5000 ; 10000 ; 0.25 ;
j3023_7.mm ; 300027 ; 0 ; 24 ; 24 ; 7.290 ; j3023_7.sol ; 1700 ; 1000 ; 5000 ; 10000 ; 0.25 ;
j3023_8.mm ; 300026 ; 0 ; 23 ; 23 ; 6.893 ; j3023_8.sol ; 1700 ; 1000 ; 5000 ; 10000 ; 0.25 ;
j3023_9.mm ; 300029 ; 0 ; 26 ; 26 ; 1.146 ; j3023_9.sol ; 1700 ; 1000 ; 5000 ; 10000 ; 0.25 ;
j3023_10.mm ; 300024 ; 0 ; 21 ; 21 ; 0.486 ; j3023_10.sol ; 1700 ; 1000 ; 5000 ; 10000 ; 0.25 ;
j3024_1.mm ; 400031 ; 0 ; 27 ; 27 ; 0.671 ; j3024_1.sol ; 1700 ; 1000 ; 5000 ; 10000 ; 0.25 ;
j3024_2.mm ; 31 ; 0 ; 31 ; 31 ; 0.051 ; j3024_2.sol ; 1700 ; 1000 ; 5000 ; 10000 ; 0.25 ;
j3024_3.mm ; 21 ; 0 ; 21 ; 21 ; 0.062 ; j3024_3.sol ; 1700 ; 1000 ; 5000 ; 10000 ; 0.25 ;
j3024_4.mm ; 100030 ; 0 ; 29 ; 29 ; 0.142 ; j3024_4.sol ; 1700 ; 1000 ; 5000 ; 10000 ; 0.25 ;
j3024_5.mm ; 100038 ; 0 ; 37 ; 37 ; 0.159 ; j3024_5.sol ; 1700 ; 1000 ; 5000 ; 10000 ; 0.25 ;
j3024_6.mm ; 100031 ; 0 ; 30 ; 30 ; 0.106 ; j3024_6.sol ; 1700 ; 1000 ; 5000 ; 10000 ; 0.25 ;
j3024_7.mm ; 29 ; 0 ; 29 ; 29 ; 0.075 ; j3024_7.sol ; 1700 ; 1000 ; 5000 ; 10000 ; 0.25 ;
j3024_8.mm ; 38 ; 0 ; 38 ; 38 ; 0.055 ; j3024_8.sol ; 1700 ; 1000 ; 5000 ; 10000 ; 0.25 ;
j3024_9.mm ; 100032 ; 0 ; 31 ; 31 ; 0.208 ; j3024_9.sol ; 1700 ; 1000 ; 5000 ; 10000 ; 0.25 ;
j3024_10.mm ; 37 ; 0 ; 37 ; 37 ; 0.098 ; j3024_10.sol ; 1700 ; 1000 ; 5000 ; 10000 ; 0.25 ;
j3025_1.mm ; 800040 ; 2 ; 34 ; 200034 ; 7.478 ; j3025_1.sol ; 1700 ; 1000 ; 5000 ; 10000 ; 0.25 ;
j3025_2.mm ; 1400043 ; 3 ; 32 ; 300032 ; 101.328 ; j3025_2.sol ; 1700 ; 1000 ; 5000 ; 10000 ; 0.25 ;
j3025_3.mm ; 1400037 ; 1 ; 24 ; 100024 ; 139.750 ; j3025_3.sol ; 1700 ; 1000 ; 5000 ; 10000 ; 0.25 ;
j3025_4.mm ; 1100041 ; 0 ; 30 ; 30 ; 9.639 ; j3025_4.sol ; 1700 ; 1000 ; 5000 ; 10000 ; 0.25 ;
j3025_5.mm ; 1000036 ; 1 ; 27 ; 100027 ; 55.367 ; j3025_5.sol ; 1700 ; 1000 ; 5000 ; 10000 ; 0.25 ;
j3025_6.mm ; 900041 ; 0 ; 32 ; 32 ; 17.681 ; j3025_6.sol ; 1700 ; 1000 ; 5000 ; 10000 ; 0.25 ;
j3025_7.mm ; 700040 ; 0 ; 33 ; 33 ; 2.288 ; j3025_7.sol ; 1700 ; 1000 ; 5000 ; 10000 ; 0.25 ;
j3025_8.mm ; 1700050 ; 0 ; 33 ; 33 ; 13.925 ; j3025_8.sol ; 1700 ; 1000 ; 5000 ; 10000 ; 0.25 ;
j3025_9.mm ; 100052 ; 0 ; 51 ; 51 ; 0.460 ; j3025_9.sol ; 1700 ; 1000 ; 5000 ; 10000 ; 0.25 ;
j3025_10.mm ; 800035 ; 0 ; 27 ; 27 ; 3.416 ; j3025_10.sol ; 1700 ; 1000 ; 5000 ; 10000 ; 0.25 ;
j3026_1.mm ; 300024 ; 0 ; 21 ; 21 ; 40.440 ; j3026_1.sol ; 1700 ; 1000 ; 5000 ; 10000 ; 0.25 ;
j3026_2.mm ; 1000032 ; 0 ; 22 ; 22 ; 12.230 ; j3026_2.sol ; 1700 ; 1000 ; 5000 ; 10000 ; 0.25 ;
j3026_3.mm ; 42 ; 0 ; 42 ; 42 ; 0.083 ; j3026_3.sol ; 1700 ; 1000 ; 5000 ; 10000 ; 0.25 ;
j3026_4.mm ; 200036 ; 0 ; 34 ; 34 ; 0.275 ; j3026_4.sol ; 1700 ; 1000 ; 5000 ; 10000 ; 0.25 ;
j3026_5.mm ; 22 ; 0 ; 22 ; 22 ; 0.155 ; j3026_5.sol ; 1700 ; 1000 ; 5000 ; 10000 ; 0.25 ;
j3026_6.mm ; 100030 ; 0 ; 29 ; 29 ; 0.118 ; j3026_6.sol ; 1700 ; 1000 ; 5000 ; 10000 ; 0.25 ;
j3026_7.mm ; 200031 ; 0 ; 29 ; 29 ; 0.382 ; j3026_7.sol ; 1700 ; 1000 ; 5000 ; 10000 ; 0.25 ;
j3026_8.mm ; 200042 ; 0 ; 40 ; 40 ; 0.216 ; j3026_8.sol ; 1700 ; 1000 ; 5000 ; 10000 ; 0.25 ;
j3026_9.mm ; 500024 ; 2 ; 21 ; 200021 ; 8.003 ; j3026_9.sol ; 1700 ; 1000 ; 5000 ; 10000 ; 0.25 ;
j3026_10.mm ; 200024 ; 0 ; 22 ; 22 ; 0.294 ; j3026_10.sol ; 1700 ; 1000 ; 5000 ; 10000 ; 0.25 ;
j3027_1.mm ; 38 ; 0 ; 38 ; 38 ; 0.063 ; j3027_1.sol ; 1700 ; 1000 ; 5000 ; 10000 ; 0.25 ;
j3027_2.mm ; 200031 ; 0 ; 29 ; 29 ; 0.157 ; j3027_2.sol ; 1700 ; 1000 ; 5000 ; 10000 ; 0.25 ;
j3027_3.mm ; 100029 ; 0 ; 28 ; 28 ; 0.121 ; j3027_3.sol ; 1700 ; 1000 ; 5000 ; 10000 ; 0.25 ;
j3027_4.mm ; 28 ; 0 ; 28 ; 28 ; 0.069 ; j3027_4.sol ; 1700 ; 1000 ; 5000 ; 10000 ; 0.25 ;
j3027_5.mm ; 100041 ; 0 ; 40 ; 40 ; 0.109 ; j3027_5.sol ; 1700 ; 1000 ; 5000 ; 10000 ; 0.25 ;
j3027_6.mm ; 100026 ; 0 ; 25 ; 25 ; 0.117 ; j3027_6.sol ; 1700 ; 1000 ; 5000 ; 10000 ; 0.25 ;
j3027_7.mm ; 100031 ; 0 ; 30 ; 30 ; 0.112 ; j3027_7.sol ; 1700 ; 1000 ; 5000 ; 10000 ; 0.25 ;
j3027_8.mm ; 42 ; 0 ; 42 ; 42 ; 0.089 ; j3027_8.sol ; 1700 ; 1000 ; 5000 ; 10000 ; 0.25 ;
j3027_9.mm ; 300040 ; 0 ; 37 ; 37 ; 0.112 ; j3027_9.sol ; 1700 ; 1000 ; 5000 ; 10000 ; 0.25 ;
j3027_10.mm ; 300032 ; 0 ; 29 ; 29 ; 0.218 ; j3027_10.sol ; 1700 ; 1000 ; 5000 ; 10000 ; 0.25 ;
j3028_1.mm ; 37 ; 0 ; 37 ; 37 ; 0.071 ; j3028_1.sol ; 1700 ; 1000 ; 5000 ; 10000 ; 0.25 ;
j3028_2.mm ; 25 ; 0 ; 25 ; 25 ; 0.119 ; j3028_2.sol ; 1700 ; 1000 ; 5000 ; 10000 ; 0.25 ;
j3028_3.mm ; 31 ; 0 ; 31 ; 31 ; 0.021 ; j3028_3.sol ; 1700 ; 1000 ; 5000 ; 10000 ; 0.25 ;
j3028_4.mm ; 33 ; 0 ; 33 ; 33 ; 0.058 ; j3028_4.sol ; 1700 ; 1000 ; 5000 ; 10000 ; 0.25 ;
j3028_5.mm ; 100024 ; 0 ; 23 ; 23 ; 0.110 ; j3028_5.sol ; 1700 ; 1000 ; 5000 ; 10000 ; 0.25 ;
j3028_6.mm ; 29 ; 0 ; 29 ; 29 ; 0.054 ; j3028_6.sol ; 1700 ; 1000 ; 5000 ; 10000 ; 0.25 ;
j3028_7.mm ; 37 ; 0 ; 37 ; 37 ; 0.089 ; j3028_7.sol ; 1700 ; 1000 ; 5000 ; 10000 ; 0.25 ;
j3028_8.mm ; 200038 ; 0 ; 36 ; 36 ; 0.106 ; j3028_8.sol ; 1700 ; 1000 ; 5000 ; 10000 ; 0.25 ;
j3028_9.mm ; 500033 ; 0 ; 28 ; 28 ; 0.208 ; j3028_9.sol ; 1700 ; 1000 ; 5000 ; 10000 ; 0.25 ;
j3028_10.mm ; 100027 ; 0 ; 26 ; 26 ; 0.127 ; j3028_10.sol ; 1700 ; 1000 ; 5000 ; 10000 ; 0.25 ;
j3029_1.mm ; 2800066 ; 8 ; 46 ; 800046 ; 15.140 ; j3029_1.sol ; 1700 ; 1000 ; 5000 ; 10000 ; 0.25 ;
j3029_2.mm ; 1700040 ; 11 ; 34 ; 1100034 ; 84.354 ; j3029_2.sol ; 1700 ; 1000 ; 5000 ; 10000 ; 0.25 ;
j3029_3.mm ; 1500041 ; 6 ; 32 ; 600032 ; 126.237 ; j3029_3.sol ; 1700 ; 1000 ; 5000 ; 10000 ; 0.25 ;
j3029_4.mm ; 1500041 ; 7 ; 33 ; 700033 ; 36.300 ; j3029_4.sol ; 1700 ; 1000 ; 5000 ; 10000 ; 0.25 ;
j3029_5.mm ; 2000045 ; 9 ; 34 ; 900034 ; 160.415 ; j3029_5.sol ; 1700 ; 1000 ; 5000 ; 10000 ; 0.25 ;
j3029_6.mm ; 3100060 ; 13 ; 42 ; 1300042 ; 362.361 ; j3029_6.sol ; 1700 ; 1000 ; 5000 ; 10000 ; 0.25 ;
j3029_7.mm ; 1600049 ; 5 ; 38 ; 500038 ; 144.260 ; j3029_7.sol ; 1700 ; 1000 ; 5000 ; 10000 ; 0.25 ;
j3029_8.mm ; 3200067 ; 15 ; 50 ; 1500050 ; 492.342 ; j3029_8.sol ; 1700 ; 1000 ; 5000 ; 10000 ; 0.25 ;
j3029_9.mm ; 1900045 ; 11 ; 37 ; 1100037 ; 187.760 ; j3029_9.sol ; 1700 ; 1000 ; 5000 ; 10000 ; 0.25 ;
j3029_10.mm ; 1600046 ; 6 ; 36 ; 600036 ; 134.883 ; j3029_10.sol ; 1700 ; 1000 ; 5000 ; 10000 ; 0.25 ;
j3030_1.mm ; 1200048 ; 0 ; 36 ; 36 ; 47.085 ; j3030_1.sol ; 1700 ; 1000 ; 5000 ; 10000 ; 0.25 ;
j3030_2.mm ; 800036 ; 2 ; 30 ; 200030 ; 60.602 ; j3030_2.sol ; 1700 ; 1000 ; 5000 ; 10000 ; 0.25 ;
j3030_3.mm ; 800034 ; 3 ; 29 ; 300029 ; 195.952 ; j3030_3.sol ; 1700 ; 1000 ; 5000 ; 10000 ; 0.25 ;
j3030_4.mm ; 1400049 ; 0 ; 35 ; 35 ; 9.272 ; j3030_4.sol ; 1700 ; 1000 ; 5000 ; 10000 ; 0.25 ;
j3030_5.mm ; 600036 ; 0 ; 30 ; 30 ; 164.714 ; j3030_5.sol ; 1700 ; 1000 ; 5000 ; 10000 ; 0.25 ;
j3030_6.mm ; 600047 ; 0 ; 41 ; 41 ; 22.339 ; j3030_6.sol ; 1700 ; 1000 ; 5000 ; 10000 ; 0.25 ;
j3030_7.mm ; 300030 ; 0 ; 27 ; 27 ; 8.625 ; j3030_7.sol ; 1700 ; 1000 ; 5000 ; 10000 ; 0.25 ;
j3030_8.mm ; 1200040 ; 0 ; 28 ; 28 ; 148.536 ; j3030_8.sol ; 1700 ; 1000 ; 5000 ; 10000 ; 0.25 ;
j3030_9.mm ; 300039 ; 0 ; 36 ; 36 ; 0.520 ; j3030_9.sol ; 1700 ; 1000 ; 5000 ; 10000 ; 0.25 ;
j3030_10.mm ; 400022 ; 1 ; 19 ; 100019 ; 182.349 ; j3030_10.sol ; 1700 ; 1000 ; 5000 ; 10000 ; 0.25 ;
j3031_1.mm ; 500030 ; 0 ; 25 ; 25 ; 76.957 ; j3031_1.sol ; 1700 ; 1000 ; 5000 ; 10000 ; 0.25 ;
j3031_2.mm ; 200045 ; 0 ; 43 ; 43 ; 0.230 ; j3031_2.sol ; 1700 ; 1000 ; 5000 ; 10000 ; 0.25 ;
j3031_3.mm ; 200033 ; 0 ; 31 ; 31 ; 0.238 ; j3031_3.sol ; 1700 ; 1000 ; 5000 ; 10000 ; 0.25 ;
j3031_4.mm ; 400033 ; 0 ; 29 ; 29 ; 16.261 ; j3031_4.sol ; 1700 ; 1000 ; 5000 ; 10000 ; 0.25 ;
j3031_5.mm ; 43 ; 0 ; 43 ; 43 ; 0.111 ; j3031_5.sol ; 1700 ; 1000 ; 5000 ; 10000 ; 0.25 ;
j3031_6.mm ; 500037 ; 0 ; 32 ; 32 ; 1.504 ; j3031_6.sol ; 1700 ; 1000 ; 5000 ; 10000 ; 0.25 ;
j3031_7.mm ; 1000055 ; 0 ; 45 ; 45 ; 1.050 ; j3031_7.sol ; 1700 ; 1000 ; 5000 ; 10000 ; 0.25 ;
j3031_8.mm ; 100027 ; 0 ; 26 ; 26 ; 0.369 ; j3031_8.sol ; 1700 ; 1000 ; 5000 ; 10000 ; 0.25 ;
j3031_9.mm ; 400037 ; 0 ; 33 ; 33 ; 0.742 ; j3031_9.sol ; 1700 ; 1000 ; 5000 ; 10000 ; 0.25 ;
j3031_10.mm ; 300023 ; 0 ; 20 ; 20 ; 5.164 ; j3031_10.sol ; 1700 ; 1000 ; 5000 ; 10000 ; 0.25 ;
j3032_1.mm ; 100032 ; 0 ; 31 ; 31 ; 0.135 ; j3032_1.sol ; 1700 ; 1000 ; 5000 ; 10000 ; 0.25 ;
j3032_2.mm ; 200034 ; 0 ; 32 ; 32 ; 0.275 ; j3032_2.sol ; 1700 ; 1000 ; 5000 ; 10000 ; 0.25 ;
j3032_3.mm ; 28 ; 0 ; 28 ; 28 ; 0.081 ; j3032_3.sol ; 1700 ; 1000 ; 5000 ; 10000 ; 0.25 ;
j3032_4.mm ; 100028 ; 0 ; 27 ; 27 ; 0.174 ; j3032_4.sol ; 1700 ; 1000 ; 5000 ; 10000 ; 0.25 ;
j3032_5.mm ; 29 ; 0 ; 29 ; 29 ; 0.076 ; j3032_5.sol ; 1700 ; 1000 ; 5000 ; 10000 ; 0.25 ;
j3032_6.mm ; 29 ; 0 ; 29 ; 29 ; 0.125 ; j3032_6.sol ; 1700 ; 1000 ; 5000 ; 10000 ; 0.25 ;
j3032_7.mm ; 200038 ; 0 ; 36 ; 36 ; 0.120 ; j3032_7.sol ; 1700 ; 1000 ; 5000 ; 10000 ; 0.25 ;
j3032_8.mm ; 29 ; 0 ; 29 ; 29 ; 0.088 ; j3032_8.sol ; 1700 ; 1000 ; 5000 ; 10000 ; 0.25 ;
j3032_9.mm ; 22 ; 0 ; 22 ; 22 ; 0.065 ; j3032_9.sol ; 1700 ; 1000 ; 5000 ; 10000 ; 0.25 ;
j3032_10.mm ; 100030 ; 0 ; 29 ; 29 ; 0.153 ; j3032_10.sol ; 1700 ; 1000 ; 5000 ; 10000 ; 0.25 ;
j3033_1.mm ; 3800072 ; 13 ; 47 ; 1300047 ; 104.418 ; j3033_1.sol ; 1700 ; 1000 ; 5000 ; 10000 ; 0.25 ;
j3033_2.mm ; 3200063 ; 32 ; 63 ; 3200063 ; 2.152 ; j3033_2.sol ; 1700 ; 1000 ; 5000 ; 10000 ; 0.25 ;
j3033_3.mm ; 3900068 ; 16 ; 45 ; 1600045 ; 3834.028 ; j3033_3.sol ; 1700 ; 1000 ; 5000 ; 10000 ; 0.25 ;
j3033_4.mm ; 5100085 ; 23 ; 57 ; 2300057 ; 323.854 ; j3033_4.sol ; 1700 ; 1000 ; 5000 ; 10000 ; 0.25 ;
j3033_5.mm ; 3200068 ; 12 ; 48 ; 1200048 ; 76.319 ; j3033_5.sol ; 1700 ; 1000 ; 5000 ; 10000 ; 0.25 ;
j3033_6.mm ; 2400051 ; 14 ; 41 ; 1400041 ; 148.002 ; j3033_6.sol ; 1700 ; 1000 ; 5000 ; 10000 ; 0.25 ;
j3033_7.mm ; 3800069 ; 14 ; 45 ; 1400045 ; 184.589 ; j3033_7.sol ; 1700 ; 1000 ; 5000 ; 10000 ; 0.25 ;
j3033_8.mm ; 2300051 ; 11 ; 39 ; 1100039 ; 35.239 ; j3033_8.sol ; 1700 ; 1000 ; 5000 ; 10000 ; 0.25 ;
j3033_9.mm ; 4300072 ; 15 ; 44 ; 1500044 ; 862.477 ; j3033_9.sol ; 1700 ; 1000 ; 5000 ; 10000 ; 0.25 ;
j3033_10.mm ; 2700056 ; 10 ; 39 ; 1000039 ; 16.424 ; j3033_10.sol ; 1700 ; 1000 ; 5000 ; 10000 ; 0.25 ;
j3034_1.mm ; 1300047 ; 5 ; 39 ; 500039 ; 23.968 ; j3034_1.sol ; 1700 ; 1000 ; 5000 ; 10000 ; 0.25 ;
j3034_2.mm ; 2300047 ; 8 ; 32 ; 800032 ; 19.965 ; j3034_2.sol ; 1700 ; 1000 ; 5000 ; 10000 ; 0.25 ;
j3034_3.mm ; 2200046 ; 14 ; 38 ; 1400038 ; 3691.093 ; j3034_3.sol ; 1700 ; 1000 ; 5000 ; 10000 ; 0.25 ;
j3034_4.mm ; 2200049 ; 15 ; 42 ; 1500042 ; 14.147 ; j3034_4.sol ; 1700 ; 1000 ; 5000 ; 10000 ; 0.25 ;
j3034_5.mm ; 2200052 ; 13 ; 43 ; 1300043 ; 35.437 ; j3034_5.sol ; 1700 ; 1000 ; 5000 ; 10000 ; 0.25 ;
j3034_6.mm ; 2000047 ; 14 ; 41 ; 1400041 ; 8.907 ; j3034_6.sol ; 1700 ; 1000 ; 5000 ; 10000 ; 0.25 ;
j3034_7.mm ; 2000047 ; 17 ; 44 ; 1700044 ; 1.419 ; j3034_7.sol ; 1700 ; 1000 ; 5000 ; 10000 ; 0.25 ;
j3034_8.mm ; 2700051 ; 23 ; 47 ; 2300047 ; 7.074 ; j3034_8.sol ; 1700 ; 1000 ; 5000 ; 10000 ; 0.25 ;
j3034_9.mm ; 1500040 ; 13 ; 38 ; 1300038 ; 0.788 ; j3034_9.sol ; 1700 ; 1000 ; 5000 ; 10000 ; 0.25 ;
j3034_10.mm ; 2300059 ; 18 ; 54 ; 1800054 ; 31.104 ; j3034_10.sol ; 1700 ; 1000 ; 5000 ; 10000 ; 0.25 ;
j3035_1.mm ; 2000042 ; 12 ; 34 ; 1200034 ; 82.826 ; j3035_1.sol ; 1700 ; 1000 ; 5000 ; 10000 ; 0.25 ;
j3035_2.mm ; 1300039 ; 9 ; 35 ; 900035 ; 43.870 ; j3035_2.sol ; 1700 ; 1000 ; 5000 ; 10000 ; 0.25 ;
j3035_3.mm ; 800042 ; 5 ; 39 ; 500039 ; 2.621 ; j3035_3.sol ; 1700 ; 1000 ; 5000 ; 10000 ; 0.25 ;
j3035_4.mm ; 1600050 ; 13 ; 47 ; 1300047 ; 531.042 ; j3035_4.sol ; 1700 ; 1000 ; 5000 ; 10000 ; 0.25 ;
j3035_5.mm ; 800043 ; 7 ; 42 ; 700042 ; 1.555 ; j3035_5.sol ; 1700 ; 1000 ; 5000 ; 10000 ; 0.25 ;
j3035_6.mm ; 700044 ; 4 ; 41 ; 400041 ; 2.485 ; j3035_6.sol ; 1700 ; 1000 ; 5000 ; 10000 ; 0.25 ;
j3035_7.mm ; 1000036 ; 9 ; 35 ; 900035 ; 8.571 ; j3035_7.sol ; 1700 ; 1000 ; 5000 ; 10000 ; 0.25 ;
j3035_8.mm ; 1200045 ; 7 ; 40 ; 700040 ; 7.884 ; j3035_8.sol ; 1700 ; 1000 ; 5000 ; 10000 ; 0.25 ;
j3035_9.mm ; 900040 ; 5 ; 36 ; 500036 ; 2.345 ; j3035_9.sol ; 1700 ; 1000 ; 5000 ; 10000 ; 0.25 ;
j3035_10.mm ; 2400053 ; 22 ; 51 ; 2200051 ; 2.630 ; j3035_10.sol ; 1700 ; 1000 ; 5000 ; 10000 ; 0.25 ;
j3037_1.mm ; 5000075 ; 29 ; 54 ; 2900054 ; 2386.326 ; j3037_1.sol ; 1700 ; 1000 ; 5000 ; 10000 ; 0.25 ;
j3037_2.mm ; 5500082 ; 31 ; 58 ; 3100058 ; 2790.313 ; j3037_2.sol ; 1700 ; 1000 ; 5000 ; 10000 ; 0.25 ;
j3037_3.mm ; 4800073 ; 31 ; 56 ; 3100056 ; 12.737 ; j3037_3.sol ; 1700 ; 1000 ; 5000 ; 10000 ; 0.25 ;
j3037_4.mm ; 4300074 ; 23 ; 54 ; 2300054 ; 10.660 ; j3037_4.sol ; 1700 ; 1000 ; 5000 ; 10000 ; 0.25 ;
j3037_5.mm ; 2600061 ; 16 ; 51 ; 1600051 ; 2703.810 ; j3037_5.sol ; 1700 ; 1000 ; 5000 ; 10000 ; 0.25 ;
j3037_6.mm ; 5400090 ; 26 ; 62 ; 2600062 ; 237.474 ; j3037_6.sol ; 1700 ; 1000 ; 5000 ; 10000 ; 0.25 ;
j3037_7.mm ; 5200078 ; 31 ; 57 ; 3100057 ; 2537.953 ; j3037_7.sol ; 1700 ; 1000 ; 5000 ; 10000 ; 0.25 ;
j3037_8.mm ; 4000061 ; 23 ; 44 ; 2300044 ; 438.489 ; j3037_8.sol ; 1700 ; 1000 ; 5000 ; 10000 ; 0.25 ;
j3037_9.mm ; 5800087 ; 30 ; 59 ; 3000059 ; 9956.389 ; j3037_9.sol ; 1700 ; 1000 ; 5000 ; 10000 ; 0.25 ;
j3037_10.mm ; 4300066 ; 19 ; 42 ; 1900042 ; 468.029 ; j3037_10.sol ; 1700 ; 1000 ; 5000 ; 10000 ; 0.25 ;
j3038_1.mm ; 1700058 ; 5 ; 46 ; 500046 ; 110.728 ; j3038_1.sol ; 1700 ; 1000 ; 5000 ; 10000 ; 0.25 ;
j3038_2.mm ; 1100050 ; 5 ; 44 ; 500044 ; 4939.409 ; j3038_2.sol ; 1700 ; 1000 ; 5000 ; 10000 ; 0.25 ;
j3038_3.mm ; 2900053 ; 10 ; 34 ; 1000034 ; 107.488 ; j3038_3.sol ; 1700 ; 1000 ; 5000 ; 10000 ; 0.25 ;
j3038_4.mm ; 3600069 ; 17 ; 50 ; 1700050 ; 92.530 ; j3038_4.sol ; 1700 ; 1000 ; 5000 ; 10000 ; 0.25 ;
j3038_5.mm ; 2500060 ; 15 ; 50 ; 1500050 ; 2258.069 ; j3038_5.sol ; 1700 ; 1000 ; 5000 ; 10000 ; 0.25 ;
j3038_6.mm ; 2200047 ; 22 ; 47 ; 2200047 ; 1.345 ; j3038_6.sol ; 1700 ; 1000 ; 5000 ; 10000 ; 0.25 ;
j3038_7.mm ; 3400056 ; 16 ; 38 ; 1600038 ; 112.916 ; j3038_7.sol ; 1700 ; 1000 ; 5000 ; 10000 ; 0.25 ;
j3038_8.mm ; 2700051 ; 16 ; 40 ; 1600040 ; 43.789 ; j3038_8.sol ; 1700 ; 1000 ; 5000 ; 10000 ; 0.25 ;
j3038_9.mm ; 3300061 ; 17 ; 45 ; 1700045 ; 1390.982 ; j3038_9.sol ; 1700 ; 1000 ; 5000 ; 10000 ; 0.25 ;
j3038_10.mm ; 1400042 ; 9 ; 37 ; 900037 ; 23.661 ; j3038_10.sol ; 1700 ; 1000 ; 5000 ; 10000 ; 0.25 ;
j3039_2.mm ; 1800046 ; 14 ; 42 ; 1400042 ; 578.284 ; j3039_2.sol ; 1700 ; 1000 ; 5000 ; 10000 ; 0.25 ;
j3039_3.mm ; 1500056 ; 8 ; 49 ; 800049 ; 63.803 ; j3039_3.sol ; 1700 ; 1000 ; 5000 ; 10000 ; 0.25 ;
j3039_4.mm ; 1100054 ; 6 ; 49 ; 600049 ; 261.890 ; j3039_4.sol ; 1700 ; 1000 ; 5000 ; 10000 ; 0.25 ;
j3039_5.mm ; 1100038 ; 5 ; 32 ; 500032 ; 517.259 ; j3039_5.sol ; 1700 ; 1000 ; 5000 ; 10000 ; 0.25 ;
j3039_6.mm ; 2000047 ; 9 ; 36 ; 900036 ; 273.059 ; j3039_6.sol ; 1700 ; 1000 ; 5000 ; 10000 ; 0.25 ;
j3039_7.mm ; 1700046 ; 9 ; 38 ; 900038 ; 130.749 ; j3039_7.sol ; 1700 ; 1000 ; 5000 ; 10000 ; 0.25 ;
j3039_8.mm ; 2000051 ; 11 ; 42 ; 1100042 ; 64.718 ; j3039_8.sol ; 1700 ; 1000 ; 5000 ; 10000 ; 0.25 ;
j3039_9.mm ; 1000047 ; 5 ; 42 ; 500042 ; 54.928 ; j3039_9.sol ; 1700 ; 1000 ; 5000 ; 10000 ; 0.25 ;
j3039_10.mm ; 2400056 ; 12 ; 44 ; 1200044 ; 58.623 ; j3039_10.sol ; 1700 ; 1000 ; 5000 ; 10000 ; 0.25 ;
j3040_1.mm ; 1600043 ; 11 ; 38 ; 1100038 ; 17.126 ; j3040_1.sol ; 1700 ; 1000 ; 5000 ; 10000 ; 0.25 ;
j3040_2.mm ; 900044 ; 6 ; 41 ; 600041 ; 10.493 ; j3040_2.sol ; 1700 ; 1000 ; 5000 ; 10000 ; 0.25 ;
j3040_3.mm ; 1300038 ; 11 ; 36 ; 1100036 ; 50.287 ; j3040_3.sol ; 1700 ; 1000 ; 5000 ; 10000 ; 0.25 ;
j3040_4.mm ; 1600044 ; 12 ; 40 ; 1200040 ; 1107.473 ; j3040_4.sol ; 1700 ; 1000 ; 5000 ; 10000 ; 0.25 ;
j3040_5.mm ; 1100050 ; 9 ; 48 ; 900048 ; 2.377 ; j3040_5.sol ; 1700 ; 1000 ; 5000 ; 10000 ; 0.25 ;
j3040_6.mm ; 1400044 ; 11 ; 41 ; 1100041 ; 217.074 ; j3040_6.sol ; 1700 ; 1000 ; 5000 ; 10000 ; 0.25 ;
j3040_7.mm ; 1700049 ; 16 ; 48 ; 1600048 ; 3.563 ; j3040_7.sol ; 1700 ; 1000 ; 5000 ; 10000 ; 0.25 ;
j3040_8.mm ; 1300046 ; 8 ; 41 ; 800041 ; 691.985 ; j3040_8.sol ; 1700 ; 1000 ; 5000 ; 10000 ; 0.25 ;
j3040_9.mm ; 900043 ; 9 ; 43 ; 900043 ; 0.824 ; j3040_9.sol ; 1700 ; 1000 ; 5000 ; 10000 ; 0.25 ;
j3040_10.mm ; 800047 ; 5 ; 44 ; 500044 ; 8.584 ; j3040_10.sol ; 1700 ; 1000 ; 5000 ; 10000 ; 0.25 ;
j3041_1.mm ; 2000052 ; 3 ; 35 ; 300035 ; 48.335 ; j3041_1.sol ; 1700 ; 1000 ; 5000 ; 10000 ; 0.25 ;
j3041_2.mm ; 2000050 ; 4 ; 34 ; 400034 ; 290.567 ; j3041_2.sol ; 1700 ; 1000 ; 5000 ; 10000 ; 0.25 ;
j3041_3.mm ; 2000059 ; 1 ; 40 ; 100040 ; 26.813 ; j3041_3.sol ; 1700 ; 1000 ; 5000 ; 10000 ; 0.25 ;
j3041_4.mm ; 2000051 ; 2 ; 33 ; 200033 ; 109.002 ; j3041_4.sol ; 1700 ; 1000 ; 5000 ; 10000 ; 0.25 ;
j3041_5.mm ; 1700053 ; 1 ; 37 ; 100037 ; 57.366 ; j3041_5.sol ; 1700 ; 1000 ; 5000 ; 10000 ; 0.25 ;
j3041_6.mm ; 2700054 ; 5 ; 32 ; 500032 ; 45.447 ; j3041_6.sol ; 1700 ; 1000 ; 5000 ; 10000 ; 0.25 ;
j3041_7.mm ; 2400054 ; 9 ; 39 ; 900039 ; 73.680 ; j3041_7.sol ; 1700 ; 1000 ; 5000 ; 10000 ; 0.25 ;
j3041_8.mm ; 1600040 ; 6 ; 30 ; 600030 ; 288.087 ; j3041_8.sol ; 1700 ; 1000 ; 5000 ; 10000 ; 0.25 ;
j3041_9.mm ; 500047 ; 0 ; 42 ; 42 ; 0.990 ; j3041_9.sol ; 1700 ; 1000 ; 5000 ; 10000 ; 0.25 ;
j3041_10.mm ; 2700064 ; 1 ; 38 ; 100038 ; 101.112 ; j3041_10.sol ; 1700 ; 1000 ; 5000 ; 10000 ; 0.25 ;
j3042_1.mm ; 400039 ; 0 ; 35 ; 35 ; 38.852 ; j3042_1.sol ; 1700 ; 1000 ; 5000 ; 10000 ; 0.25 ;
j3042_2.mm ; 1000032 ; 4 ; 26 ; 400026 ; 153.136 ; j3042_2.sol ; 1700 ; 1000 ; 5000 ; 10000 ; 0.25 ;
j3042_3.mm ; 1100048 ; 0 ; 37 ; 37 ; 35.166 ; j3042_3.sol ; 1700 ; 1000 ; 5000 ; 10000 ; 0.25 ;
j3042_4.mm ; 700035 ; 0 ; 28 ; 28 ; 120.459 ; j3042_4.sol ; 1700 ; 1000 ; 5000 ; 10000 ; 0.25 ;
j3042_5.mm ; 1700051 ; 1 ; 35 ; 100035 ; 41.538 ; j3042_5.sol ; 1700 ; 1000 ; 5000 ; 10000 ; 0.25 ;
j3042_6.mm ; 1100037 ; 4 ; 30 ; 400030 ; 60.003 ; j3042_6.sol ; 1700 ; 1000 ; 5000 ; 10000 ; 0.25 ;
j3042_7.mm ; 1600041 ; 4 ; 29 ; 400029 ; 158.464 ; j3042_7.sol ; 1700 ; 1000 ; 5000 ; 10000 ; 0.25 ;
j3042_8.mm ; 300029 ; 2 ; 28 ; 200028 ; 6.651 ; j3042_8.sol ; 1700 ; 1000 ; 5000 ; 10000 ; 0.25 ;
j3042_9.mm ; 600037 ; 0 ; 31 ; 31 ; 72.466 ; j3042_9.sol ; 1700 ; 1000 ; 5000 ; 10000 ; 0.25 ;
j3042_10.mm ; 1200047 ; 1 ; 36 ; 100036 ; 742.173 ; j3042_10.sol ; 1700 ; 1000 ; 5000 ; 10000 ; 0.25 ;
j3043_1.mm ; 200030 ; 1 ; 29 ; 100029 ; 13.906 ; j3043_1.sol ; 1700 ; 1000 ; 5000 ; 10000 ; 0.25 ;
j3043_2.mm ; 500033 ; 4 ; 32 ; 400032 ; 5.640 ; j3043_2.sol ; 1700 ; 1000 ; 5000 ; 10000 ; 0.25 ;
j3043_3.mm ; 1200032 ; 6 ; 26 ; 600026 ; 66.455 ; j3043_3.sol ; 1700 ; 1000 ; 5000 ; 10000 ; 0.25 ;
j3043_4.mm ; 1100032 ; 6 ; 27 ; 600027 ; 102.577 ; j3043_4.sol ; 1700 ; 1000 ; 5000 ; 10000 ; 0.25 ;
j3043_5.mm ; 400048 ; 0 ; 44 ; 44 ; 8.531 ; j3043_5.sol ; 1700 ; 1000 ; 5000 ; 10000 ; 0.25 ;
j3043_6.mm ; 1000035 ; 3 ; 28 ; 300028 ; 982.023 ; j3043_6.sol ; 1700 ; 1000 ; 5000 ; 10000 ; 0.25 ;
j3043_7.mm ; 800037 ; 4 ; 33 ; 400033 ; 80.657 ; j3043_7.sol ; 1700 ; 1000 ; 5000 ; 10000 ; 0.25 ;
j3043_8.mm ; 400037 ; 1 ; 34 ; 100034 ; 224.322 ; j3043_8.sol ; 1700 ; 1000 ; 5000 ; 10000 ; 0.25 ;
j3043_9.mm ; 800043 ; 3 ; 38 ; 300038 ; 447.493 ; j3043_9.sol ; 1700 ; 1000 ; 5000 ; 10000 ; 0.25 ;
j3043_10.mm ; 500034 ; 1 ; 30 ; 100030 ; 269.945 ; j3043_10.sol ; 1700 ; 1000 ; 5000 ; 10000 ; 0.25 ;
j3044_1.mm ; 200043 ; 0 ; 41 ; 41 ; 11.540 ; j3044_1.sol ; 1700 ; 1000 ; 5000 ; 10000 ; 0.25 ;
j3044_2.mm ; 1300038 ; 2 ; 27 ; 200027 ; 127.123 ; j3044_2.sol ; 1700 ; 1000 ; 5000 ; 10000 ; 0.25 ;
j3044_3.mm ; 400034 ; 4 ; 34 ; 400034 ; 0.625 ; j3044_3.sol ; 1700 ; 1000 ; 5000 ; 10000 ; 0.25 ;
j3044_4.mm ; 400035 ; 2 ; 33 ; 200033 ; 6.525 ; j3044_4.sol ; 1700 ; 1000 ; 5000 ; 10000 ; 0.25 ;
j3044_5.mm ; 800034 ; 3 ; 29 ; 300029 ; 93.033 ; j3044_5.sol ; 1700 ; 1000 ; 5000 ; 10000 ; 0.25 ;
j3044_6.mm ; 500026 ; 4 ; 25 ; 400025 ; 1.020 ; j3044_6.sol ; 1700 ; 1000 ; 5000 ; 10000 ; 0.25 ;
j3044_7.mm ; 400037 ; 2 ; 35 ; 200035 ; 35.580 ; j3044_7.sol ; 1700 ; 1000 ; 5000 ; 10000 ; 0.25 ;
j3044_8.mm ; 100037 ; 0 ; 36 ; 36 ; 0.166 ; j3044_8.sol ; 1700 ; 1000 ; 5000 ; 10000 ; 0.25 ;
j3044_9.mm ; 600041 ; 0 ; 35 ; 35 ; 157.096 ; j3044_9.sol ; 1700 ; 1000 ; 5000 ; 10000 ; 0.25 ;
j3044_10.mm ; 500035 ; 1 ; 31 ; 100031 ; 54.872 ; j3044_10.sol ; 1700 ; 1000 ; 5000 ; 10000 ; 0.25 ;
j3045_1.mm ; 4100067 ; 14 ; 40 ; 1400040 ; 5036.180 ; j3045_1.sol ; 1700 ; 1000 ; 5000 ; 10000 ; 0.25 ;
j3045_2.mm ; 4500074 ; 19 ; 48 ; 1900048 ; 125.773 ; j3045_2.sol ; 1700 ; 1000 ; 5000 ; 10000 ; 0.25 ;
j3045_3.mm ; 3500061 ; 16 ; 42 ; 1600042 ; 234.745 ; j3045_3.sol ; 1700 ; 1000 ; 5000 ; 10000 ; 0.25 ;
j3045_4.mm ; 4000073 ; 17 ; 50 ; 1700050 ; 2703.176 ; j3045_4.sol ; 1700 ; 1000 ; 5000 ; 10000 ; 0.25 ;
j3045_5.mm ; 3000057 ; 14 ; 41 ; 1400041 ; 213.981 ; j3045_5.sol ; 1700 ; 1000 ; 5000 ; 10000 ; 0.25 ;
j3045_6.mm ; 3600064 ; 18 ; 46 ; 1800046 ; 366.852 ; j3045_6.sol ; 1700 ; 1000 ; 5000 ; 10000 ; 0.25 ;
j3045_7.mm ; 2200059 ; 9 ; 46 ; 900046 ; 178.842 ; j3045_7.sol ; 1700 ; 1000 ; 5000 ; 10000 ; 0.25 ;
j3045_8.mm ; 4700072 ; 23 ; 48 ; 2300048 ; 492.342 ; j3045_8.sol ; 1700 ; 1000 ; 5000 ; 10000 ; 0.25 ;
j3045_9.mm ; 2800054 ; 16 ; 42 ; 1600042 ; 242.204 ; j3045_9.sol ; 1700 ; 1000 ; 5000 ; 10000 ; 0.25 ;
j3045_10.mm ; 3100054 ; 19 ; 42 ; 1900042 ; 4880.041 ; j3045_10.sol ; 1700 ; 1000 ; 5000 ; 10000 ; 0.25 ;
j3046_1.mm ; 1000039 ; 4 ; 33 ; 400033 ; 478.758 ; j3046_1.sol ; 1700 ; 1000 ; 5000 ; 10000 ; 0.25 ;
j3046_2.mm ; 1200052 ; 0 ; 40 ; 40 ; 544.721 ; j3046_2.sol ; 1700 ; 1000 ; 5000 ; 10000 ; 0.25 ;
j3046_3.mm ; 2100047 ; 4 ; 30 ; 400030 ; 607.913 ; j3046_3.sol ; 1700 ; 1000 ; 5000 ; 10000 ; 0.25 ;
j3046_4.mm ; 2400054 ; 7 ; 37 ; 700037 ; 83.305 ; j3046_4.sol ; 1700 ; 1000 ; 5000 ; 10000 ; 0.25 ;
j3046_5.mm ; 1600048 ; 1 ; 33 ; 100033 ; 1209.954 ; j3046_5.sol ; 1700 ; 1000 ; 5000 ; 10000 ; 0.25 ;
j3046_6.mm ; 1400045 ; 2 ; 33 ; 200033 ; 350.234 ; j3046_6.sol ; 1700 ; 1000 ; 5000 ; 10000 ; 0.25 ;
j3046_7.mm ; 1200053 ; 3 ; 44 ; 300044 ; 2701.633 ; j3046_7.sol ; 1700 ; 1000 ; 5000 ; 10000 ; 0.25 ;
j3046_8.mm ; 2000047 ; 6 ; 33 ; 600033 ; 25.198 ; j3046_8.sol ; 1700 ; 1000 ; 5000 ; 10000 ; 0.25 ;
j3046_9.mm ; 1800052 ; 6 ; 40 ; 600040 ; 2327.840 ; j3046_9.sol ; 1700 ; 1000 ; 5000 ; 10000 ; 0.25 ;
j3046_10.mm ; 1200046 ; 3 ; 37 ; 300037 ; 1871.288 ; j3046_10.sol ; 1700 ; 1000 ; 5000 ; 10000 ; 0.25 ;
j3047_1.mm ; 400043 ; 0 ; 39 ; 39 ; 45.089 ; j3047_1.sol ; 1700 ; 1000 ; 5000 ; 10000 ; 0.25 ;
j3047_2.mm ; 200031 ; 0 ; 29 ; 29 ; 59.570 ; j3047_2.sol ; 1700 ; 1000 ; 5000 ; 10000 ; 0.25 ;
j3047_3.mm ; 800033 ; 4 ; 29 ; 400029 ; 137.271 ; j3047_3.sol ; 1700 ; 1000 ; 5000 ; 10000 ; 0.25 ;
j3047_4.mm ; 900045 ; 2 ; 38 ; 200038 ; 193.969 ; j3047_4.sol ; 1700 ; 1000 ; 5000 ; 10000 ; 0.25 ;
j3047_5.mm ; 1400035 ; 5 ; 26 ; 500026 ; 886.671 ; j3047_5.sol ; 1700 ; 1000 ; 5000 ; 10000 ; 0.25 ;
j3047_6.mm ; 1300043 ; 4 ; 34 ; 400034 ; 1941.600 ; j3047_6.sol ; 1700 ; 1000 ; 5000 ; 10000 ; 0.25 ;
j3047_7.mm ; 900036 ; 1 ; 28 ; 100028 ; 9169.091 ; j3047_7.sol ; 1700 ; 1000 ; 5000 ; 10000 ; 0.25 ;
j3047_8.mm ; 900045 ; 2 ; 38 ; 200038 ; 30.481 ; j3047_8.sol ; 1700 ; 1000 ; 5000 ; 10000 ; 0.25 ;
j3047_9.mm ; 400038 ; 0 ; 34 ; 34 ; 59.184 ; j3047_9.sol ; 1700 ; 1000 ; 5000 ; 10000 ; 0.25 ;
j3047_10.mm ; 600048 ; 0 ; 42 ; 42 ; 18.467 ; j3047_10.sol ; 1700 ; 1000 ; 5000 ; 10000 ; 0.25 ;
j3048_1.mm ; 100028 ; 1 ; 28 ; 100028 ; 0.527 ; j3048_1.sol ; 1700 ; 1000 ; 5000 ; 10000 ; 0.25 ;
j3048_2.mm ; 400031 ; 3 ; 30 ; 300030 ; 2.132 ; j3048_2.sol ; 1700 ; 1000 ; 5000 ; 10000 ; 0.25 ;
j3048_3.mm ; 700039 ; 3 ; 35 ; 300035 ; 16.090 ; j3048_3.sol ; 1700 ; 1000 ; 5000 ; 10000 ; 0.25 ;
j3048_4.mm ; 1200032 ; 4 ; 24 ; 400024 ; 79.133 ; j3048_4.sol ; 1700 ; 1000 ; 5000 ; 10000 ; 0.25 ;
j3048_5.mm ; 400028 ; 1 ; 25 ; 100025 ; 16.275 ; j3048_5.sol ; 1700 ; 1000 ; 5000 ; 10000 ; 0.25 ;
j3048_6.mm ; 500036 ; 0 ; 31 ; 31 ; 113.507 ; j3048_6.sol ; 1700 ; 1000 ; 5000 ; 10000 ; 0.25 ;
j3048_7.mm ; 600034 ; 5 ; 33 ; 500033 ; 2703.790 ; j3048_7.sol ; 1700 ; 1000 ; 5000 ; 10000 ; 0.25 ;
j3048_8.mm ; 800030 ; 6 ; 28 ; 600028 ; 14.440 ; j3048_8.sol ; 1700 ; 1000 ; 5000 ; 10000 ; 0.25 ;
j3048_9.mm ; 200039 ; 0 ; 37 ; 37 ; 3.526 ; j3048_9.sol ; 1700 ; 1000 ; 5000 ; 10000 ; 0.25 ;
j3048_10.mm ; 200029 ; 1 ; 28 ; 100028 ; 1.878 ; j3048_10.sol ; 1700 ; 1000 ; 5000 ; 10000 ; 0.25 ;
j3049_1.mm ; 1500047 ; 1 ; 33 ; 100033 ; 2228.277 ; j3049_1.sol ; 1700 ; 1000 ; 5000 ; 10000 ; 0.25 ;
j3049_2.mm ; 1400057 ; 6 ; 49 ; 600049 ; 2022.504 ; j3049_2.sol ; 1700 ; 1000 ; 5000 ; 10000 ; 0.25 ;
j3049_3.mm ; 1300048 ; 0 ; 35 ; 35 ; 42.104 ; j3049_3.sol ; 1700 ; 1000 ; 5000 ; 10000 ; 0.25 ;
j3049_4.mm ; 1000047 ; 0 ; 37 ; 37 ; 66.907 ; j3049_4.sol ; 1700 ; 1000 ; 5000 ; 10000 ; 0.25 ;
j3049_5.mm ; 400041 ; 0 ; 37 ; 37 ; 2.071 ; j3049_5.sol ; 1700 ; 1000 ; 5000 ; 10000 ; 0.25 ;
j3049_6.mm ; 3600062 ; 5 ; 31 ; 500031 ; 119.149 ; j3049_6.sol ; 1700 ; 1000 ; 5000 ; 10000 ; 0.25 ;
j3049_7.mm ; 900045 ; 0 ; 36 ; 36 ; 9.781 ; j3049_7.sol ; 1700 ; 1000 ; 5000 ; 10000 ; 0.25 ;
j3049_8.mm ; 1500046 ; 3 ; 34 ; 300034 ; 47.144 ; j3049_8.sol ; 1700 ; 1000 ; 5000 ; 10000 ; 0.25 ;
j3049_9.mm ; 1400047 ; 0 ; 33 ; 33 ; 31.038 ; j3049_9.sol ; 1700 ; 1000 ; 5000 ; 10000 ; 0.25 ;
j3049_10.mm ; 3200057 ; 5 ; 30 ; 500030 ; 46.904 ; j3049_10.sol ; 1700 ; 1000 ; 5000 ; 10000 ; 0.25 ;
j3050_1.mm ; 100029 ; 0 ; 28 ; 28 ; 0.462 ; j3050_1.sol ; 1700 ; 1000 ; 5000 ; 10000 ; 0.25 ;
j3050_2.mm ; 100038 ; 0 ; 37 ; 37 ; 0.298 ; j3050_2.sol ; 1700 ; 1000 ; 5000 ; 10000 ; 0.25 ;
j3050_3.mm ; 43 ; 0 ; 43 ; 43 ; 0.134 ; j3050_3.sol ; 1700 ; 1000 ; 5000 ; 10000 ; 0.25 ;
j3050_4.mm ; 600040 ; 0 ; 34 ; 34 ; 5.896 ; j3050_4.sol ; 1700 ; 1000 ; 5000 ; 10000 ; 0.25 ;
j3050_5.mm ; 200039 ; 0 ; 37 ; 37 ; 0.272 ; j3050_5.sol ; 1700 ; 1000 ; 5000 ; 10000 ; 0.25 ;
j3050_6.mm ; 500042 ; 0 ; 37 ; 37 ; 0.999 ; j3050_6.sol ; 1700 ; 1000 ; 5000 ; 10000 ; 0.25 ;
j3050_7.mm ; 400026 ; 0 ; 22 ; 22 ; 92.574 ; j3050_7.sol ; 1700 ; 1000 ; 5000 ; 10000 ; 0.25 ;
j3050_8.mm ; 500031 ; 1 ; 27 ; 100027 ; 23.023 ; j3050_8.sol ; 1700 ; 1000 ; 5000 ; 10000 ; 0.25 ;
j3050_9.mm ; 600031 ; 0 ; 25 ; 25 ; 39.149 ; j3050_9.sol ; 1700 ; 1000 ; 5000 ; 10000 ; 0.25 ;
j3050_10.mm ; 400034 ; 0 ; 30 ; 30 ; 3.925 ; j3050_10.sol ; 1700 ; 1000 ; 5000 ; 10000 ; 0.25 ;
j3051_1.mm ; 32 ; 0 ; 32 ; 32 ; 0.192 ; j3051_1.sol ; 1700 ; 1000 ; 5000 ; 10000 ; 0.25 ;
j3051_2.mm ; 300025 ; 1 ; 23 ; 100023 ; 10.020 ; j3051_2.sol ; 1700 ; 1000 ; 5000 ; 10000 ; 0.25 ;
j3051_3.mm ; 200029 ; 0 ; 27 ; 27 ; 0.929 ; j3051_3.sol ; 1700 ; 1000 ; 5000 ; 10000 ; 0.25 ;
j3051_4.mm ; 51 ; 0 ; 51 ; 51 ; 0.154 ; j3051_4.sol ; 1700 ; 1000 ; 5000 ; 10000 ; 0.25 ;
j3051_5.mm ; 100034 ; 0 ; 33 ; 33 ; 0.483 ; j3051_5.sol ; 1700 ; 1000 ; 5000 ; 10000 ; 0.25 ;
j3051_6.mm ; 200040 ; 0 ; 38 ; 38 ; 0.340 ; j3051_6.sol ; 1700 ; 1000 ; 5000 ; 10000 ; 0.25 ;
j3051_7.mm ; 700033 ; 0 ; 26 ; 26 ; 0.698 ; j3051_7.sol ; 1700 ; 1000 ; 5000 ; 10000 ; 0.25 ;
j3051_8.mm ; 400037 ; 0 ; 33 ; 33 ; 9.144 ; j3051_8.sol ; 1700 ; 1000 ; 5000 ; 10000 ; 0.25 ;
j3051_9.mm ; 800043 ; 0 ; 35 ; 35 ; 8.402 ; j3051_9.sol ; 1700 ; 1000 ; 5000 ; 10000 ; 0.25 ;
j3051_10.mm ; 200029 ; 0 ; 27 ; 27 ; 1.625 ; j3051_10.sol ; 1700 ; 1000 ; 5000 ; 10000 ; 0.25 ;
j3052_1.mm ; 32 ; 0 ; 32 ; 32 ; 0.314 ; j3052_1.sol ; 1700 ; 1000 ; 5000 ; 10000 ; 0.25 ;
j3052_2.mm ; 300026 ; 0 ; 23 ; 23 ; 30.811 ; j3052_2.sol ; 1700 ; 1000 ; 5000 ; 10000 ; 0.25 ;
j3052_3.mm ; 100023 ; 0 ; 22 ; 22 ; 0.274 ; j3052_3.sol ; 1700 ; 1000 ; 5000 ; 10000 ; 0.25 ;
j3052_4.mm ; 300032 ; 0 ; 29 ; 29 ; 1.163 ; j3052_4.sol ; 1700 ; 1000 ; 5000 ; 10000 ; 0.25 ;
j3052_5.mm ; 30 ; 0 ; 30 ; 30 ; 0.133 ; j3052_5.sol ; 1700 ; 1000 ; 5000 ; 10000 ; 0.25 ;
j3052_6.mm ; 30 ; 0 ; 30 ; 30 ; 0.136 ; j3052_6.sol ; 1700 ; 1000 ; 5000 ; 10000 ; 0.25 ;
j3052_7.mm ; 200032 ; 0 ; 30 ; 30 ; 0.545 ; j3052_7.sol ; 1700 ; 1000 ; 5000 ; 10000 ; 0.25 ;
j3052_8.mm ; 100027 ; 0 ; 26 ; 26 ; 0.217 ; j3052_8.sol ; 1700 ; 1000 ; 5000 ; 10000 ; 0.25 ;
j3052_9.mm ; 200033 ; 0 ; 31 ; 31 ; 2.098 ; j3052_9.sol ; 1700 ; 1000 ; 5000 ; 10000 ; 0.25 ;
j3052_10.mm ; 29 ; 0 ; 29 ; 29 ; 0.320 ; j3052_10.sol ; 1700 ; 1000 ; 5000 ; 10000 ; 0.25 ;
j3053_1.mm ; 3100063 ; 10 ; 42 ; 1000042 ; 159.050 ; j3053_1.sol ; 1700 ; 1000 ; 5000 ; 10000 ; 0.25 ;
j3053_2.mm ; 2500058 ; 5 ; 38 ; 500038 ; 67.944 ; j3053_2.sol ; 1700 ; 1000 ; 5000 ; 10000 ; 0.25 ;
j3053_3.mm ; 2100051 ; 4 ; 34 ; 400034 ; 200.663 ; j3053_3.sol ; 1700 ; 1000 ; 5000 ; 10000 ; 0.25 ;
j3053_4.mm ; 3900068 ; 15 ; 44 ; 1500044 ; 336.134 ; j3053_4.sol ; 1700 ; 1000 ; 5000 ; 10000 ; 0.25 ;
j3053_5.mm ; 4200074 ; 17 ; 49 ; 1700049 ; 111.614 ; j3053_5.sol ; 1700 ; 1000 ; 5000 ; 10000 ; 0.25 ;
j3053_6.mm ; 3600068 ; 11 ; 43 ; 1100043 ; 166.507 ; j3053_6.sol ; 1700 ; 1000 ; 5000 ; 10000 ; 0.25 ;
j3053_7.mm ; 2800053 ; 12 ; 37 ; 1200037 ; 586.662 ; j3053_7.sol ; 1700 ; 1000 ; 5000 ; 10000 ; 0.25 ;
j3053_8.mm ; 2900054 ; 13 ; 38 ; 1300038 ; 3814.332 ; j3053_8.sol ; 1700 ; 1000 ; 5000 ; 10000 ; 0.25 ;
j3053_9.mm ; 2700056 ; 13 ; 42 ; 1300042 ; 241.514 ; j3053_9.sol ; 1700 ; 1000 ; 5000 ; 10000 ; 0.25 ;
j3053_10.mm ; 1700049 ; 5 ; 37 ; 500037 ; 215.789 ; j3053_10.sol ; 1700 ; 1000 ; 5000 ; 10000 ; 0.25 ;
j3054_1.mm ; 500038 ; 0 ; 33 ; 33 ; 11.649 ; j3054_1.sol ; 1700 ; 1000 ; 5000 ; 10000 ; 0.25 ;
j3054_2.mm ; 2000046 ; 2 ; 28 ; 200028 ; 180.525 ; j3054_2.sol ; 1700 ; 1000 ; 5000 ; 10000 ; 0.25 ;
j3054_3.mm ; 800028 ; 2 ; 22 ; 200022 ; 1015.724 ; j3054_3.sol ; 1700 ; 1000 ; 5000 ; 10000 ; 0.25 ;
j3054_4.mm ; 500034 ; 1 ; 30 ; 100030 ; 244.930 ; j3054_4.sol ; 1700 ; 1000 ; 5000 ; 10000 ; 0.25 ;
j3054_5.mm ; 1000038 ; 0 ; 28 ; 28 ; 123.368 ; j3054_5.sol ; 1700 ; 1000 ; 5000 ; 10000 ; 0.25 ;
j3054_6.mm ; 500035 ; 0 ; 30 ; 30 ; 9.004 ; j3054_6.sol ; 1700 ; 1000 ; 5000 ; 10000 ; 0.25 ;
j3054_7.mm ; 1100050 ; 0 ; 39 ; 39 ; 13.824 ; j3054_7.sol ; 1700 ; 1000 ; 5000 ; 10000 ; 0.25 ;
j3054_8.mm ; 900040 ; 0 ; 31 ; 31 ; 59.319 ; j3054_8.sol ; 1700 ; 1000 ; 5000 ; 10000 ; 0.25 ;
j3054_9.mm ; 1100039 ; 0 ; 28 ; 28 ; 591.553 ; j3054_9.sol ; 1700 ; 1000 ; 5000 ; 10000 ; 0.25 ;
j3054_10.mm ; 1300037 ; 5 ; 29 ; 500029 ; 164.674 ; j3054_10.sol ; 1700 ; 1000 ; 5000 ; 10000 ; 0.25 ;
j3055_1.mm ; 200031 ; 0 ; 29 ; 29 ; 1.069 ; j3055_1.sol ; 1700 ; 1000 ; 5000 ; 10000 ; 0.25 ;
j3055_2.mm ; 900040 ; 0 ; 31 ; 31 ; 23.593 ; j3055_2.sol ; 1700 ; 1000 ; 5000 ; 10000 ; 0.25 ;
j3055_3.mm ; 500033 ; 0 ; 28 ; 28 ; 20.540 ; j3055_3.sol ; 1700 ; 1000 ; 5000 ; 10000 ; 0.25 ;
j3055_4.mm ; 41 ; 0 ; 41 ; 41 ; 0.107 ; j3055_4.sol ; 1700 ; 1000 ; 5000 ; 10000 ; 0.25 ;
j3055_5.mm ; 400028 ; 0 ; 24 ; 24 ; 64.641 ; j3055_5.sol ; 1700 ; 1000 ; 5000 ; 10000 ; 0.25 ;
j3055_6.mm ; 500030 ; 0 ; 25 ; 25 ; 38.185 ; j3055_6.sol ; 1700 ; 1000 ; 5000 ; 10000 ; 0.25 ;
j3055_7.mm ; 44 ; 0 ; 44 ; 44 ; 0.130 ; j3055_7.sol ; 1700 ; 1000 ; 5000 ; 10000 ; 0.25 ;
j3055_8.mm ; 44 ; 0 ; 44 ; 44 ; 0.549 ; j3055_8.sol ; 1700 ; 1000 ; 5000 ; 10000 ; 0.25 ;
j3055_9.mm ; 1200039 ; 0 ; 27 ; 27 ; 19.352 ; j3055_9.sol ; 1700 ; 1000 ; 5000 ; 10000 ; 0.25 ;
j3055_10.mm ; 700035 ; 1 ; 29 ; 100029 ; 78.477 ; j3055_10.sol ; 1700 ; 1000 ; 5000 ; 10000 ; 0.25 ;
j3056_1.mm ; 200023 ; 0 ; 21 ; 21 ; 138.372 ; j3056_1.sol ; 1700 ; 1000 ; 5000 ; 10000 ; 0.25 ;
j3056_2.mm ; 400035 ; 0 ; 31 ; 31 ; 3426.771 ; j3056_2.sol ; 1700 ; 1000 ; 5000 ; 10000 ; 0.25 ;
j3056_3.mm ; 400038 ; 0 ; 34 ; 34 ; 0.684 ; j3056_3.sol ; 1700 ; 1000 ; 5000 ; 10000 ; 0.25 ;
j3056_4.mm ; 200034 ; 0 ; 32 ; 32 ; 0.139 ; j3056_4.sol ; 1700 ; 1000 ; 5000 ; 10000 ; 0.25 ;
j3056_5.mm ; 100030 ; 0 ; 29 ; 29 ; 0.612 ; j3056_5.sol ; 1700 ; 1000 ; 5000 ; 10000 ; 0.25 ;
j3056_6.mm ; 300029 ; 0 ; 26 ; 26 ; 0.910 ; j3056_6.sol ; 1700 ; 1000 ; 5000 ; 10000 ; 0.25 ;
j3056_7.mm ; 400034 ; 0 ; 30 ; 30 ; 0.632 ; j3056_7.sol ; 1700 ; 1000 ; 5000 ; 10000 ; 0.25 ;
j3056_8.mm ; 29 ; 0 ; 29 ; 29 ; 0.090 ; j3056_8.sol ; 1700 ; 1000 ; 5000 ; 10000 ; 0.25 ;
j3056_9.mm ; 100034 ; 0 ; 33 ; 33 ; 1.687 ; j3056_9.sol ; 1700 ; 1000 ; 5000 ; 10000 ; 0.25 ;
j3056_10.mm ; 100040 ; 0 ; 39 ; 39 ; 0.169 ; j3056_10.sol ; 1700 ; 1000 ; 5000 ; 10000 ; 0.25 ;
j3057_1.mm ; 300033 ; 0 ; 30 ; 30 ; 5.350 ; j3057_1.sol ; 1700 ; 1000 ; 5000 ; 10000 ; 0.25 ;
j3057_2.mm ; 2300049 ; 6 ; 32 ; 600032 ; 129.135 ; j3057_2.sol ; 1700 ; 1000 ; 5000 ; 10000 ; 0.25 ;
j3057_3.mm ; 400033 ; 0 ; 29 ; 29 ; 6.613 ; j3057_3.sol ; 1700 ; 1000 ; 5000 ; 10000 ; 0.25 ;
j3057_4.mm ; 1000038 ; 1 ; 29 ; 100029 ; 4.544 ; j3057_4.sol ; 1700 ; 1000 ; 5000 ; 10000 ; 0.25 ;
j3057_5.mm ; 400030 ; 1 ; 27 ; 100027 ; 3.047 ; j3057_5.sol ; 1700 ; 1000 ; 5000 ; 10000 ; 0.25 ;
j3057_6.mm ; 1200033 ; 2 ; 23 ; 200023 ; 37.758 ; j3057_6.sol ; 1700 ; 1000 ; 5000 ; 10000 ; 0.25 ;
j3057_7.mm ; 800035 ; 0 ; 27 ; 27 ; 8.813 ; j3057_7.sol ; 1700 ; 1000 ; 5000 ; 10000 ; 0.25 ;
j3057_8.mm ; 800036 ; 1 ; 29 ; 100029 ; 5.629 ; j3057_8.sol ; 1700 ; 1000 ; 5000 ; 10000 ; 0.25 ;
j3057_9.mm ; 800033 ; 1 ; 26 ; 100026 ; 9.245 ; j3057_9.sol ; 1700 ; 1000 ; 5000 ; 10000 ; 0.25 ;
j3057_10.mm ; 600038 ; 0 ; 32 ; 32 ; 3.640 ; j3057_10.sol ; 1700 ; 1000 ; 5000 ; 10000 ; 0.25 ;
j3058_1.mm ; 200032 ; 0 ; 30 ; 30 ; 0.360 ; j3058_1.sol ; 1700 ; 1000 ; 5000 ; 10000 ; 0.25 ;
j3058_2.mm ; 1300045 ; 0 ; 32 ; 32 ; 8.689 ; j3058_2.sol ; 1700 ; 1000 ; 5000 ; 10000 ; 0.25 ;
j3058_3.mm ; 400035 ; 0 ; 31 ; 31 ; 3.744 ; j3058_3.sol ; 1700 ; 1000 ; 5000 ; 10000 ; 0.25 ;
j3058_4.mm ; 27 ; 0 ; 27 ; 27 ; 0.040 ; j3058_4.sol ; 1700 ; 1000 ; 5000 ; 10000 ; 0.25 ;
j3058_5.mm ; 28 ; 0 ; 28 ; 28 ; 0.055 ; j3058_5.sol ; 1700 ; 1000 ; 5000 ; 10000 ; 0.25 ;
j3058_6.mm ; 100025 ; 0 ; 24 ; 24 ; 0.128 ; j3058_6.sol ; 1700 ; 1000 ; 5000 ; 10000 ; 0.25 ;
j3058_7.mm ; 100027 ; 0 ; 26 ; 26 ; 1.224 ; j3058_7.sol ; 1700 ; 1000 ; 5000 ; 10000 ; 0.25 ;
j3058_8.mm ; 28 ; 0 ; 28 ; 28 ; 0.125 ; j3058_8.sol ; 1700 ; 1000 ; 5000 ; 10000 ; 0.25 ;
j3058_9.mm ; 700037 ; 0 ; 30 ; 30 ; 2.941 ; j3058_9.sol ; 1700 ; 1000 ; 5000 ; 10000 ; 0.25 ;
j3058_10.mm ; 300030 ; 0 ; 27 ; 27 ; 0.296 ; j3058_10.sol ; 1700 ; 1000 ; 5000 ; 10000 ; 0.25 ;
j3059_1.mm ; 24 ; 0 ; 24 ; 24 ; 0.115 ; j3059_1.sol ; 1700 ; 1000 ; 5000 ; 10000 ; 0.25 ;
j3059_2.mm ; 100024 ; 0 ; 23 ; 23 ; 0.165 ; j3059_2.sol ; 1700 ; 1000 ; 5000 ; 10000 ; 0.25 ;
j3059_3.mm ; 100035 ; 0 ; 34 ; 34 ; 0.105 ; j3059_3.sol ; 1700 ; 1000 ; 5000 ; 10000 ; 0.25 ;
j3059_4.mm ; 25 ; 0 ; 25 ; 25 ; 0.085 ; j3059_4.sol ; 1700 ; 1000 ; 5000 ; 10000 ; 0.25 ;
j3059_5.mm ; 200030 ; 0 ; 28 ; 28 ; 0.295 ; j3059_5.sol ; 1700 ; 1000 ; 5000 ; 10000 ; 0.25 ;
j3059_6.mm ; 100028 ; 0 ; 27 ; 27 ; 0.123 ; j3059_6.sol ; 1700 ; 1000 ; 5000 ; 10000 ; 0.25 ;
j3059_7.mm ; 34 ; 0 ; 34 ; 34 ; 0.097 ; j3059_7.sol ; 1700 ; 1000 ; 5000 ; 10000 ; 0.25 ;
j3059_8.mm ; 26 ; 0 ; 26 ; 26 ; 0.087 ; j3059_8.sol ; 1700 ; 1000 ; 5000 ; 10000 ; 0.25 ;
j3059_9.mm ; 34 ; 0 ; 34 ; 34 ; 0.050 ; j3059_9.sol ; 1700 ; 1000 ; 5000 ; 10000 ; 0.25 ;
j3059_10.mm ; 200031 ; 0 ; 29 ; 29 ; 0.281 ; j3059_10.sol ; 1700 ; 1000 ; 5000 ; 10000 ; 0.25 ;
j3060_1.mm ; 22 ; 0 ; 22 ; 22 ; 0.067 ; j3060_1.sol ; 1700 ; 1000 ; 5000 ; 10000 ; 0.25 ;
j3060_2.mm ; 100039 ; 0 ; 38 ; 38 ; 0.098 ; j3060_2.sol ; 1700 ; 1000 ; 5000 ; 10000 ; 0.25 ;
j3060_3.mm ; 100040 ; 0 ; 39 ; 39 ; 0.154 ; j3060_3.sol ; 1700 ; 1000 ; 5000 ; 10000 ; 0.25 ;
j3060_4.mm ; 23 ; 0 ; 23 ; 23 ; 0.079 ; j3060_4.sol ; 1700 ; 1000 ; 5000 ; 10000 ; 0.25 ;
j3060_5.mm ; 100035 ; 0 ; 34 ; 34 ; 0.121 ; j3060_5.sol ; 1700 ; 1000 ; 5000 ; 10000 ; 0.25 ;
j3060_6.mm ; 200038 ; 0 ; 36 ; 36 ; 0.166 ; j3060_6.sol ; 1700 ; 1000 ; 5000 ; 10000 ; 0.25 ;
j3060_7.mm ; 25 ; 0 ; 25 ; 25 ; 0.042 ; j3060_7.sol ; 1700 ; 1000 ; 5000 ; 10000 ; 0.25 ;
j3060_8.mm ; 29 ; 0 ; 29 ; 29 ; 0.107 ; j3060_8.sol ; 1700 ; 1000 ; 5000 ; 10000 ; 0.25 ;
j3060_9.mm ; 31 ; 0 ; 31 ; 31 ; 0.076 ; j3060_9.sol ; 1700 ; 1000 ; 5000 ; 10000 ; 0.25 ;
j3060_10.mm ; 200025 ; 0 ; 23 ; 23 ; 0.221 ; j3060_10.sol ; 1700 ; 1000 ; 5000 ; 10000 ; 0.25 ;
j3061_1.mm ; 1700047 ; 7 ; 37 ; 700037 ; 105.397 ; j3061_1.sol ; 1700 ; 1000 ; 5000 ; 10000 ; 0.25 ;
j3061_2.mm ; 1800051 ; 3 ; 36 ; 300036 ; 474.782 ; j3061_2.sol ; 1700 ; 1000 ; 5000 ; 10000 ; 0.25 ;
j3061_3.mm ; 1500048 ; 6 ; 39 ; 600039 ; 320.285 ; j3061_3.sol ; 1700 ; 1000 ; 5000 ; 10000 ; 0.25 ;
j3061_4.mm ; 2400052 ; 10 ; 38 ; 1000038 ; 854.245 ; j3061_4.sol ; 1700 ; 1000 ; 5000 ; 10000 ; 0.25 ;
j3061_5.mm ; 2700055 ; 11 ; 39 ; 1100039 ; 507.251 ; j3061_5.sol ; 1700 ; 1000 ; 5000 ; 10000 ; 0.25 ;
j3061_6.mm ; 2500048 ; 12 ; 35 ; 1200035 ; 350.631 ; j3061_6.sol ; 1700 ; 1000 ; 5000 ; 10000 ; 0.25 ;
j3061_7.mm ; 2000057 ; 7 ; 44 ; 700044 ; 67.984 ; j3061_7.sol ; 1700 ; 1000 ; 5000 ; 10000 ; 0.25 ;
j3061_8.mm ; 1900056 ; 9 ; 46 ; 900046 ; 986.569 ; j3061_8.sol ; 1700 ; 1000 ; 5000 ; 10000 ; 0.25 ;
j3061_9.mm ; 3300063 ; 14 ; 44 ; 1400044 ; 245.883 ; j3061_9.sol ; 1700 ; 1000 ; 5000 ; 10000 ; 0.25 ;
j3061_10.mm ; 2200054 ; 9 ; 41 ; 900041 ; 78.105 ; j3061_10.sol ; 1700 ; 1000 ; 5000 ; 10000 ; 0.25 ;
j3062_1.mm ; 1500040 ; 1 ; 26 ; 100026 ; 612.423 ; j3062_1.sol ; 1700 ; 1000 ; 5000 ; 10000 ; 0.25 ;
j3062_2.mm ; 1100043 ; 1 ; 33 ; 100033 ; 1321.161 ; j3062_2.sol ; 1700 ; 1000 ; 5000 ; 10000 ; 0.25 ;
j3062_3.mm ; 900032 ; 3 ; 26 ; 300026 ; 63.285 ; j3062_3.sol ; 1700 ; 1000 ; 5000 ; 10000 ; 0.25 ;
j3062_4.mm ; 500038 ; 0 ; 33 ; 33 ; 8.999 ; j3062_4.sol ; 1700 ; 1000 ; 5000 ; 10000 ; 0.25 ;
j3062_5.mm ; 900051 ; 0 ; 42 ; 42 ; 9.494 ; j3062_5.sol ; 1700 ; 1000 ; 5000 ; 10000 ; 0.25 ;
j3062_6.mm ; 600041 ; 1 ; 36 ; 100036 ; 50.628 ; j3062_6.sol ; 1700 ; 1000 ; 5000 ; 10000 ; 0.25 ;
j3062_7.mm ; 900033 ; 3 ; 27 ; 300027 ; 222.838 ; j3062_7.sol ; 1700 ; 1000 ; 5000 ; 10000 ; 0.25 ;
j3062_8.mm ; 1600054 ; 0 ; 38 ; 38 ; 25.926 ; j3062_8.sol ; 1700 ; 1000 ; 5000 ; 10000 ; 0.25 ;
j3062_9.mm ; 200028 ; 0 ; 26 ; 26 ; 1.292 ; j3062_9.sol ; 1700 ; 1000 ; 5000 ; 10000 ; 0.25 ;
j3062_10.mm ; 700033 ; 0 ; 26 ; 26 ; 22.403 ; j3062_10.sol ; 1700 ; 1000 ; 5000 ; 10000 ; 0.25 ;
j3063_1.mm ; 400033 ; 0 ; 29 ; 29 ; 1.541 ; j3063_1.sol ; 1700 ; 1000 ; 5000 ; 10000 ; 0.25 ;
j3063_2.mm ; 400034 ; 0 ; 30 ; 30 ; 0.798 ; j3063_2.sol ; 1700 ; 1000 ; 5000 ; 10000 ; 0.25 ;
j3063_3.mm ; 400028 ; 0 ; 24 ; 24 ; 13.669 ; j3063_3.sol ; 1700 ; 1000 ; 5000 ; 10000 ; 0.25 ;
j3063_4.mm ; 700038 ; 0 ; 31 ; 31 ; 40.459 ; j3063_4.sol ; 1700 ; 1000 ; 5000 ; 10000 ; 0.25 ;
j3063_5.mm ; 600043 ; 0 ; 37 ; 37 ; 0.865 ; j3063_5.sol ; 1700 ; 1000 ; 5000 ; 10000 ; 0.25 ;
j3063_6.mm ; 800047 ; 0 ; 39 ; 39 ; 2.137 ; j3063_6.sol ; 1700 ; 1000 ; 5000 ; 10000 ; 0.25 ;
j3063_7.mm ; 700033 ; 0 ; 26 ; 26 ; 51.063 ; j3063_7.sol ; 1700 ; 1000 ; 5000 ; 10000 ; 0.25 ;
j3063_8.mm ; 31 ; 0 ; 31 ; 31 ; 0.072 ; j3063_8.sol ; 1700 ; 1000 ; 5000 ; 10000 ; 0.25 ;
j3063_9.mm ; 600031 ; 0 ; 25 ; 25 ; 1.101 ; j3063_9.sol ; 1700 ; 1000 ; 5000 ; 10000 ; 0.25 ;
j3063_10.mm ; 300030 ; 0 ; 27 ; 27 ; 0.156 ; j3063_10.sol ; 1700 ; 1000 ; 5000 ; 10000 ; 0.25 ;
j3064_1.mm ; 200027 ; 0 ; 25 ; 25 ; 0.286 ; j3064_1.sol ; 1700 ; 1000 ; 5000 ; 10000 ; 0.25 ;
j3064_2.mm ; 200025 ; 0 ; 23 ; 23 ; 0.190 ; j3064_2.sol ; 1700 ; 1000 ; 5000 ; 10000 ; 0.25 ;
j3064_3.mm ; 34 ; 0 ; 34 ; 34 ; 0.139 ; j3064_3.sol ; 1700 ; 1000 ; 5000 ; 10000 ; 0.25 ;
j3064_4.mm ; 100026 ; 0 ; 25 ; 25 ; 0.101 ; j3064_4.sol ; 1700 ; 1000 ; 5000 ; 10000 ; 0.25 ;
j3064_5.mm ; 36 ; 0 ; 36 ; 36 ; 0.049 ; j3064_5.sol ; 1700 ; 1000 ; 5000 ; 10000 ; 0.25 ;
j3064_6.mm ; 29 ; 0 ; 29 ; 29 ; 0.050 ; j3064_6.sol ; 1700 ; 1000 ; 5000 ; 10000 ; 0.25 ;
j3064_7.mm ; 300037 ; 0 ; 34 ; 34 ; 0.266 ; j3064_7.sol ; 1700 ; 1000 ; 5000 ; 10000 ; 0.25 ;
j3064_8.mm ; 200025 ; 0 ; 23 ; 23 ; 0.217 ; j3064_8.sol ; 1700 ; 1000 ; 5000 ; 10000 ; 0.25 ;
j3064_9.mm ; 31 ; 0 ; 31 ; 31 ; 0.108 ; j3064_9.sol ; 1700 ; 1000 ; 5000 ; 10000 ; 0.25 ;
j3064_10.mm ; 36 ; 0 ; 36 ; 36 ; 0.052 ; j3064_10.sol ; 1700 ; 1000 ; 5000 ; 10000 ; 0.25 ;
