j609_1.sm ; 6300122 ; 28 ; 87 ; 2800087 ; 559.395 ; j609_1.sol ; 1700 ; 1000 ; 5000 ; 10000 ; 0.25 ;
j609_3.sm ; 6800133 ; 36 ; 101 ; 3600101 ; 2728.880 ; j609_3.sol ; 1700 ; 1000 ; 5000 ; 10000 ; 0.25 ;
j609_5.sm ; 7200124 ; 35 ; 87 ; 3500087 ; 2755.453 ; j609_5.sol ; 1700 ; 1000 ; 5000 ; 10000 ; 0.25 ;
j609_6.sm ; 7100161 ; 23 ; 113 ; 2300113 ; 2721.585 ; j609_6.sol ; 1700 ; 1000 ; 5000 ; 10000 ; 0.25 ;
j609_7.sm ; 7800152 ; 38 ; 112 ; 3800112 ; 2723.548 ; j609_7.sol ; 1700 ; 1000 ; 5000 ; 10000 ; 0.25 ;
j609_8.sm ; 7300138 ; 31 ; 96 ; 3100096 ; 3381.795 ; j609_8.sol ; 1700 ; 1000 ; 5000 ; 10000 ; 0.25 ;
j609_9.sm ; 5800138 ; 20 ; 100 ; 2000100 ; 2714.249 ; j609_9.sol ; 1700 ; 1000 ; 5000 ; 10000 ; 0.25 ;
j6013_1.sm ; 8800157 ; 46 ; 115 ; 4600115 ; 2805.283 ; j6013_1.sol ; 1700 ; 1000 ; 5000 ; 10000 ; 0.25 ;
j6013_2.sm ; 6900135 ; 42 ; 108 ; 4200108 ; 2731.650 ; j6013_2.sol ; 1700 ; 1000 ; 5000 ; 10000 ; 0.25 ;
j6013_3.sm ; 5600113 ; 33 ; 90 ; 3300090 ; 2720.616 ; j6013_3.sol ; 1700 ; 1000 ; 5000 ; 10000 ; 0.25 ;
j6013_4.sm ; 7700139 ; 43 ; 105 ; 4300105 ; 2781.691 ; j6013_4.sol ; 1700 ; 1000 ; 5000 ; 10000 ; 0.25 ;
j6013_5.sm ; 8000133 ; 46 ; 99 ; 4600099 ; 2750.540 ; j6013_5.sol ; 1700 ; 1000 ; 5000 ; 10000 ; 0.25 ;
j6013_6.sm ; 8000141 ; 34 ; 95 ; 3400095 ; 2734.268 ; j6013_6.sol ; 1700 ; 1000 ; 5000 ; 10000 ; 0.25 ;
j6013_7.sm ; 6400118 ; 36 ; 90 ; 3600090 ; 2721.768 ; j6013_7.sol ; 1700 ; 1000 ; 5000 ; 10000 ; 0.25 ;
j6013_8.sm ; 11600185 ; 53 ; 122 ; 5300122 ; 2780.665 ; j6013_8.sol ; 1700 ; 1000 ; 5000 ; 10000 ; 0.25 ;
j6013_9.sm ; 8000147 ; 36 ; 103 ; 3600103 ; 2729.405 ; j6013_9.sol ; 1700 ; 1000 ; 5000 ; 10000 ; 0.25 ;
j6013_10.sm ; 11400177 ; 56 ; 119 ; 5600119 ; 2791.027 ; j6013_10.sol ; 1700 ; 1000 ; 5000 ; 10000 ; 0.25 ;
j6025_2.sm ; 6800137 ; 31 ; 100 ; 3100100 ; 2718.960 ; j6025_2.sol ; 1700 ; 1000 ; 5000 ; 10000 ; 0.25 ;
j6025_4.sm ; 7100149 ; 31 ; 109 ; 3100109 ; 2714.747 ; j6025_4.sol ; 1700 ; 1000 ; 5000 ; 10000 ; 0.25 ;
j6025_5.sm ; 7300134 ; 38 ; 99 ; 3800099 ; 2792.069 ; j6025_5.sol ; 1700 ; 1000 ; 5000 ; 10000 ; 0.25 ;
j6025_6.sm ; 7100146 ; 38 ; 113 ; 3800113 ; 2726.508 ; j6025_6.sol ; 1700 ; 1000 ; 5000 ; 10000 ; 0.25 ;
j6025_7.sm ; 5300119 ; 25 ; 91 ; 2500091 ; 2712.015 ; j6025_7.sol ; 1700 ; 1000 ; 5000 ; 10000 ; 0.25 ;
j6025_8.sm ; 8800145 ; 42 ; 99 ; 4200099 ; 3156.553 ; j6025_8.sol ; 1700 ; 1000 ; 5000 ; 10000 ; 0.25 ;
j6025_10.sm ; 7100148 ; 32 ; 109 ; 3200109 ; 2711.944 ; j6025_10.sol ; 1700 ; 1000 ; 5000 ; 10000 ; 0.25 ;
j6029_1.sm ; 7400133 ; 45 ; 104 ; 4500104 ; 2754.565 ; j6029_1.sol ; 1700 ; 1000 ; 5000 ; 10000 ; 0.25 ;
j6029_2.sm ; 7900167 ; 46 ; 134 ; 4600134 ; 2840.093 ; j6029_2.sol ; 1700 ; 1000 ; 5000 ; 10000 ; 0.25 ;
j6029_3.sm ; 9000162 ; 51 ; 123 ; 5100123 ; 2776.979 ; j6029_3.sol ; 1700 ; 1000 ; 5000 ; 10000 ; 0.25 ;
j6029_4.sm ; 10600181 ; 61 ; 136 ; 6100136 ; 3143.670 ; j6029_4.sol ; 1700 ; 1000 ; 5000 ; 10000 ; 0.25 ;
j6029_5.sm ; 6000137 ; 35 ; 112 ; 3500112 ; 2747.870 ; j6029_5.sol ; 1700 ; 1000 ; 5000 ; 10000 ; 0.25 ;
j6029_6.sm ; 12000197 ; 79 ; 156 ; 7900156 ; 2841.840 ; j6029_6.sol ; 1700 ; 1000 ; 5000 ; 10000 ; 0.25 ;
j6029_7.sm ; 8000153 ; 52 ; 125 ; 5200125 ; 2754.303 ; j6029_7.sol ; 1700 ; 1000 ; 5000 ; 10000 ; 0.25 ;
j6029_8.sm ; 5100123 ; 33 ; 105 ; 3300105 ; 2722.895 ; j6029_8.sol ; 1700 ; 1000 ; 5000 ; 10000 ; 0.25 ;
j6029_9.sm ; 7700147 ; 44 ; 114 ; 4400114 ; 2725.644 ; j6029_9.sol ; 1700 ; 1000 ; 5000 ; 10000 ; 0.25 ;
j6029_10.sm ; 9300163 ; 52 ; 122 ; 5200122 ; 2790.087 ; j6029_10.sol ; 1700 ; 1000 ; 5000 ; 10000 ; 0.25 ;
j6030_2.sm ; 2800093 ; 5 ; 70 ; 500070 ; 3135.864 ; j6030_2.sol ; 1700 ; 1000 ; 5000 ; 10000 ; 0.25 ;
j6041_5.sm ; 8900156 ; 50 ; 117 ; 5000117 ; 2851.773 ; j6041_5.sol ; 1700 ; 1000 ; 5000 ; 10000 ; 0.25 ;
j6041_10.sm ; 7400145 ; 41 ; 112 ; 4100112 ; 2743.769 ; j6041_10.sol ; 1700 ; 1000 ; 5000 ; 10000 ; 0.25 ;
j6045_1.sm ; 5100122 ; 27 ; 98 ; 2700098 ; 2721.449 ; j6045_1.sol ; 1700 ; 1000 ; 5000 ; 10000 ; 0.25 ;
j6045_2.sm ; 10900187 ; 68 ; 146 ; 6800146 ; 3594.006 ; j6045_2.sol ; 1700 ; 1000 ; 5000 ; 10000 ; 0.25 ;
j6045_3.sm ; 10300189 ; 58 ; 144 ; 5800144 ; 2883.832 ; j6045_3.sol ; 1700 ; 1000 ; 5000 ; 10000 ; 0.25 ;
j6045_4.sm ; 8300143 ; 49 ; 109 ; 4900109 ; 2743.136 ; j6045_4.sol ; 1700 ; 1000 ; 5000 ; 10000 ; 0.25 ;
j6045_5.sm ; 7800138 ; 47 ; 107 ; 4700107 ; 2831.864 ; j6045_5.sol ; 1700 ; 1000 ; 5000 ; 10000 ; 0.25 ;
j6045_6.sm ; 10800188 ; 67 ; 147 ; 6700147 ; 3454.388 ; j6045_6.sol ; 1700 ; 1000 ; 5000 ; 10000 ; 0.25 ;
j6045_7.sm ; 7100145 ; 48 ; 122 ; 4800122 ; 3699.171 ; j6045_7.sol ; 1700 ; 1000 ; 5000 ; 10000 ; 0.25 ;
j6045_8.sm ; 10100180 ; 52 ; 131 ; 5200131 ; 2817.614 ; j6045_8.sol ; 1700 ; 1000 ; 5000 ; 10000 ; 0.25 ;
j6045_9.sm ; 8100159 ; 48 ; 126 ; 4800126 ; 2968.840 ; j6045_9.sol ; 1700 ; 1000 ; 5000 ; 10000 ; 0.25 ;
j6045_10.sm ; 8200143 ; 54 ; 115 ; 5400115 ; 3134.599 ; j6045_10.sol ; 1700 ; 1000 ; 5000 ; 10000 ; 0.25 ;
j6046_1.sm ; 2300101 ; 23 ; 101 ; 2300101 ; 1.335 ; j6046_1.sol ; 1700 ; 1000 ; 5000 ; 10000 ; 0.25 ;
j6046_2.sm ; 2300101 ; 23 ; 101 ; 2300101 ; 1.208 ; j6046_2.sol ; 1700 ; 1000 ; 5000 ; 10000 ; 0.25 ;
j6046_3.sm ; 2900108 ; 29 ; 108 ; 2900108 ; 1.528 ; j6046_3.sol ; 1700 ; 1000 ; 5000 ; 10000 ; 0.25 ;
j6046_4.sm ; 2200093 ; 22 ; 93 ; 2200093 ; 2.081 ; j6046_4.sol ; 1700 ; 1000 ; 5000 ; 10000 ; 0.25 ;
j6046_5.sm ; 3000112 ; 30 ; 112 ; 3000112 ; 4.263 ; j6046_5.sol ; 1700 ; 1000 ; 5000 ; 10000 ; 0.25 ;
j6046_6.sm ; 2300110 ; 23 ; 110 ; 2300110 ; 1.384 ; j6046_6.sol ; 1700 ; 1000 ; 5000 ; 10000 ; 0.25 ;
j6046_7.sm ; 2600101 ; 26 ; 101 ; 2600101 ; 1.407 ; j6046_7.sol ; 1700 ; 1000 ; 5000 ; 10000 ; 0.25 ;
j6046_8.sm ; 2800100 ; 28 ; 100 ; 2800100 ; 2.181 ; j6046_8.sol ; 1700 ; 1000 ; 5000 ; 10000 ; 0.25 ;
j6046_9.sm ; 2600086 ; 26 ; 86 ; 2600086 ; 13.337 ; j6046_9.sol ; 1700 ; 1000 ; 5000 ; 10000 ; 0.25 ;
j6046_10.sm ; 4100120 ; 27 ; 106 ; 2700106 ; 2.539 ; j6046_10.sol ; 1700 ; 1000 ; 5000 ; 10000 ; 0.25 ;
j6047_1.sm ; 100076 ; 1 ; 76 ; 100076 ; 0.900 ; j6047_1.sol ; 1700 ; 1000 ; 5000 ; 10000 ; 0.25 ;
j6047_2.sm ; 400070 ; 4 ; 70 ; 400070 ; 0.999 ; j6047_2.sol ; 1700 ; 1000 ; 5000 ; 10000 ; 0.25 ;
j6047_3.sm ; 1400083 ; 14 ; 83 ; 1400083 ; 1.346 ; j6047_3.sol ; 1700 ; 1000 ; 5000 ; 10000 ; 0.25 ;
j6047_4.sm ; 500081 ; 5 ; 81 ; 500081 ; 0.879 ; j6047_4.sol ; 1700 ; 1000 ; 5000 ; 10000 ; 0.25 ;
j6047_5.sm ; 700094 ; 7 ; 94 ; 700094 ; 0.795 ; j6047_5.sol ; 1700 ; 1000 ; 5000 ; 10000 ; 0.25 ;
j6047_6.sm ; 700083 ; 7 ; 83 ; 700083 ; 0.875 ; j6047_6.sol ; 1700 ; 1000 ; 5000 ; 10000 ; 0.25 ;
j6047_7.sm ; 900077 ; 9 ; 77 ; 900077 ; 1.077 ; j6047_7.sol ; 1700 ; 1000 ; 5000 ; 10000 ; 0.25 ;
j6047_8.sm ; 1200083 ; 12 ; 83 ; 1200083 ; 1.203 ; j6047_8.sol ; 1700 ; 1000 ; 5000 ; 10000 ; 0.25 ;
j6047_9.sm ; 1400090 ; 14 ; 90 ; 1400090 ; 0.952 ; j6047_9.sol ; 1700 ; 1000 ; 5000 ; 10000 ; 0.25 ;
j6047_10.sm ; 1400080 ; 14 ; 80 ; 1400080 ; 1.304 ; j6047_10.sol ; 1700 ; 1000 ; 5000 ; 10000 ; 0.25 ;
j6048_1.sm ; 71 ; 0 ; 71 ; 71 ; 0.752 ; j6048_1.sol ; 1700 ; 1000 ; 5000 ; 10000 ; 0.25 ;
j6048_2.sm ; 87 ; 0 ; 87 ; 87 ; 0.459 ; j6048_2.sol ; 1700 ; 1000 ; 5000 ; 10000 ; 0.25 ;
j6048_3.sm ; 84 ; 0 ; 84 ; 84 ; 0.706 ; j6048_3.sol ; 1700 ; 1000 ; 5000 ; 10000 ; 0.25 ;
j6048_4.sm ; 400066 ; 4 ; 66 ; 400066 ; 0.652 ; j6048_4.sol ; 1700 ; 1000 ; 5000 ; 10000 ; 0.25 ;
j6048_5.sm ; 101 ; 0 ; 101 ; 101 ; 0.344 ; j6048_5.sol ; 1700 ; 1000 ; 5000 ; 10000 ; 0.25 ;
j6048_6.sm ; 66 ; 0 ; 66 ; 66 ; 0.819 ; j6048_6.sol ; 1700 ; 1000 ; 5000 ; 10000 ; 0.25 ;
j6048_7.sm ; 300080 ; 3 ; 80 ; 300080 ; 0.527 ; j6048_7.sol ; 1700 ; 1000 ; 5000 ; 10000 ; 0.25 ;
j6048_8.sm ; 100089 ; 1 ; 89 ; 100089 ; 0.594 ; j6048_8.sol ; 1700 ; 1000 ; 5000 ; 10000 ; 0.25 ;
j6048_9.sm ; 82 ; 0 ; 82 ; 82 ; 0.547 ; j6048_9.sol ; 1700 ; 1000 ; 5000 ; 10000 ; 0.25 ;
j6048_10.sm ; 500075 ; 5 ; 75 ; 500075 ; 0.796 ; j6048_10.sol ; 1700 ; 1000 ; 5000 ; 10000 ; 0.25 ;
j905_3.sm ; 6200124 ; 28 ; 90 ; 2800090 ; 2756.797 ; j905_3.sol ; 1700 ; 1000 ; 5000 ; 10000 ; 0.25 ;
j905_4.sm ; 8200172 ; 15 ; 105 ; 1500105 ; 2770.665 ; j905_4.sol ; 1700 ; 1000 ; 5000 ; 10000 ; 0.25 ;
j905_5.sm ; 8700166 ; 36 ; 115 ; 3600115 ; 2774.913 ; j905_5.sol ; 1700 ; 1000 ; 5000 ; 10000 ; 0.25 ;
j905_6.sm ; 5100126 ; 14 ; 89 ; 1400089 ; 2730.349 ; j905_6.sol ; 1700 ; 1000 ; 5000 ; 10000 ; 0.25 ;
j905_7.sm ; 8100160 ; 30 ; 109 ; 3000109 ; 2725.907 ; j905_7.sol ; 1700 ; 1000 ; 5000 ; 10000 ; 0.25 ;
j905_8.sm ; 7500150 ; 31 ; 106 ; 3100106 ; 2742.453 ; j905_8.sol ; 1700 ; 1000 ; 5000 ; 10000 ; 0.25 ;
j905_9.sm ; 9200186 ; 25 ; 119 ; 2500119 ; 2786.199 ; j905_9.sol ; 1700 ; 1000 ; 5000 ; 10000 ; 0.25 ;
j905_10.sm ; 6100139 ; 21 ; 99 ; 2100099 ; 2736.479 ; j905_10.sol ; 1700 ; 1000 ; 5000 ; 10000 ; 0.25 ;
j909_1.sm ; 7800158 ; 30 ; 110 ; 3000110 ; 2818.824 ; j909_1.sol ; 1700 ; 1000 ; 5000 ; 10000 ; 0.25 ;
j909_2.sm ; 9900191 ; 39 ; 131 ; 3900131 ; 2867.003 ; j909_2.sol ; 1700 ; 1000 ; 5000 ; 10000 ; 0.25 ;
j909_3.sm ; 6800135 ; 40 ; 107 ; 4000107 ; 2774.901 ; j909_3.sol ; 1700 ; 1000 ; 5000 ; 10000 ; 0.25 ;
j909_4.sm ; 10900190 ; 51 ; 132 ; 5100132 ; 3305.484 ; j909_4.sol ; 1700 ; 1000 ; 5000 ; 10000 ; 0.25 ;
j909_5.sm ; 12200211 ; 55 ; 144 ; 5500144 ; 2862.465 ; j909_5.sol ; 1700 ; 1000 ; 5000 ; 10000 ; 0.25 ;
j909_6.sm ; 9500183 ; 36 ; 124 ; 3600124 ; 2938.316 ; j909_6.sol ; 1700 ; 1000 ; 5000 ; 10000 ; 0.25 ;
j909_7.sm ; 8400158 ; 40 ; 114 ; 4000114 ; 2856.051 ; j909_7.sol ; 1700 ; 1000 ; 5000 ; 10000 ; 0.25 ;
j909_8.sm ; 9700172 ; 46 ; 121 ; 4600121 ; 2891.666 ; j909_8.sol ; 1700 ; 1000 ; 5000 ; 10000 ; 0.25 ;
j909_9.sm ; 8700164 ; 43 ; 120 ; 4300120 ; 2874.691 ; j909_9.sol ; 1700 ; 1000 ; 5000 ; 10000 ; 0.25 ;
j909_10.sm ; 8400161 ; 37 ; 114 ; 3700114 ; 2826.456 ; j909_10.sol ; 1700 ; 1000 ; 5000 ; 10000 ; 0.25 ;
j9013_1.sm ; 9600178 ; 60 ; 142 ; 6000142 ; 3074.272 ; j9013_1.sol ; 1700 ; 1000 ; 5000 ; 10000 ; 0.25 ;
j9013_2.sm ; 9800175 ; 55 ; 132 ; 5500132 ; 3056.709 ; j9013_2.sol ; 1700 ; 1000 ; 5000 ; 10000 ; 0.25 ;
j9013_3.sm ; 8900169 ; 33 ; 113 ; 3300113 ; 2793.388 ; j9013_3.sol ; 1700 ; 1000 ; 5000 ; 10000 ; 0.25 ;
j9013_4.sm ; 8100162 ; 37 ; 118 ; 3700118 ; 2813.686 ; j9013_4.sol ; 1700 ; 1000 ; 5000 ; 10000 ; 0.25 ;
j9013_5.sm ; 8400163 ; 41 ; 120 ; 4100120 ; 2914.458 ; j9013_5.sol ; 1700 ; 1000 ; 5000 ; 10000 ; 0.25 ;
j9013_6.sm ; 9000166 ; 54 ; 130 ; 5400130 ; 2953.320 ; j9013_6.sol ; 1700 ; 1000 ; 5000 ; 10000 ; 0.25 ;
j9013_7.sm ; 7800167 ; 41 ; 130 ; 4100130 ; 2959.547 ; j9013_7.sol ; 1700 ; 1000 ; 5000 ; 10000 ; 0.25 ;
j9013_8.sm ; 8400143 ; 63 ; 122 ; 6300122 ; 2959.773 ; j9013_8.sol ; 1700 ; 1000 ; 5000 ; 10000 ; 0.25 ;
j9013_9.sm ; 8600168 ; 45 ; 127 ; 4500127 ; 2912.820 ; j9013_9.sol ; 1700 ; 1000 ; 5000 ; 10000 ; 0.25 ;
j9013_10.sm ; 8600156 ; 54 ; 124 ; 5400124 ; 2883.293 ; j9013_10.sol ; 1700 ; 1000 ; 5000 ; 10000 ; 0.25 ;
j9021_1.sm ; 8100157 ; 37 ; 113 ; 3700113 ; 2863.243 ; j9021_1.sol ; 1700 ; 1000 ; 5000 ; 10000 ; 0.25 ;
j9021_7.sm ; 6900160 ; 22 ; 113 ; 2200113 ; 2716.946 ; j9021_7.sol ; 1700 ; 1000 ; 5000 ; 10000 ; 0.25 ;
j9021_8.sm ; 8200167 ; 29 ; 114 ; 2900114 ; 2755.415 ; j9021_8.sol ; 1700 ; 1000 ; 5000 ; 10000 ; 0.25 ;
j9025_1.sm ; 7700171 ; 33 ; 127 ; 3300127 ; 2821.869 ; j9025_1.sol ; 1700 ; 1000 ; 5000 ; 10000 ; 0.25 ;
j9025_2.sm ; 10300186 ; 52 ; 135 ; 5200135 ; 2966.774 ; j9025_2.sol ; 1700 ; 1000 ; 5000 ; 10000 ; 0.25 ;
j9025_3.sm ; 8400161 ; 51 ; 128 ; 5100128 ; 2918.638 ; j9025_3.sol ; 1700 ; 1000 ; 5000 ; 10000 ; 0.25 ;
j9025_4.sm ; 8400179 ; 47 ; 142 ; 4700142 ; 2919.414 ; j9025_4.sol ; 1700 ; 1000 ; 5000 ; 10000 ; 0.25 ;
j9025_5.sm ; 9700168 ; 48 ; 119 ; 4800119 ; 2820.853 ; j9025_5.sol ; 1700 ; 1000 ; 5000 ; 10000 ; 0.25 ;
j9025_6.sm ; 8700166 ; 45 ; 124 ; 4500124 ; 2892.221 ; j9025_6.sol ; 1700 ; 1000 ; 5000 ; 10000 ; 0.25 ;
j9025_7.sm ; 10000177 ; 55 ; 132 ; 5500132 ; 3279.797 ; j9025_7.sol ; 1700 ; 1000 ; 5000 ; 10000 ; 0.25 ;
j9025_8.sm ; 9200193 ; 44 ; 145 ; 4400145 ; 2806.902 ; j9025_8.sol ; 1700 ; 1000 ; 5000 ; 10000 ; 0.25 ;
j9025_9.sm ; 6800148 ; 29 ; 109 ; 2900109 ; 2797.535 ; j9025_9.sol ; 1700 ; 1000 ; 5000 ; 10000 ; 0.25 ;
j9025_10.sm ; 9700193 ; 38 ; 134 ; 3800134 ; 2873.216 ; j9025_10.sol ; 1700 ; 1000 ; 5000 ; 10000 ; 0.25 ;
j9026_5.sm ; 3400116 ; 6 ; 88 ; 600088 ; 2707.345 ; j9026_5.sol ; 1700 ; 1000 ; 5000 ; 10000 ; 0.25 ;
j9029_1.sm ; 10300199 ; 44 ; 140 ; 4400140 ; 3022.222 ; j9029_1.sol ; 1700 ; 1000 ; 5000 ; 10000 ; 0.25 ;
j9029_2.sm ; 8500161 ; 52 ; 128 ; 5200128 ; 2913.239 ; j9029_2.sol ; 1700 ; 1000 ; 5000 ; 10000 ; 0.25 ;
j9029_3.sm ; 10700194 ; 62 ; 149 ; 6200149 ; 3022.689 ; j9029_3.sol ; 1700 ; 1000 ; 5000 ; 10000 ; 0.25 ;
j9029_4.sm ; 10200189 ; 67 ; 154 ; 6700154 ; 3353.747 ; j9029_4.sol ; 1700 ; 1000 ; 5000 ; 10000 ; 0.25 ;
j9029_5.sm ; 7100167 ; 29 ; 125 ; 2900125 ; 2930.618 ; j9029_5.sol ; 1700 ; 1000 ; 5000 ; 10000 ; 0.25 ;
j9029_6.sm ; 8300160 ; 52 ; 129 ; 5200129 ; 2921.484 ; j9029_6.sol ; 1700 ; 1000 ; 5000 ; 10000 ; 0.25 ;
j9029_7.sm ; 10800211 ; 72 ; 175 ; 7200175 ; 3019.233 ; j9029_7.sol ; 1700 ; 1000 ; 5000 ; 10000 ; 0.25 ;
j9029_8.sm ; 10100194 ; 67 ; 160 ; 6700160 ; 2987.810 ; j9029_8.sol ; 1700 ; 1000 ; 5000 ; 10000 ; 0.25 ;
j9029_9.sm ; 8600167 ; 50 ; 131 ; 5000131 ; 2889.367 ; j9029_9.sol ; 1700 ; 1000 ; 5000 ; 10000 ; 0.25 ;
j9029_10.sm ; 8200163 ; 48 ; 129 ; 4800129 ; 3069.066 ; j9029_10.sol ; 1700 ; 1000 ; 5000 ; 10000 ; 0.25 ;
j9030_9.sm ; 3500117 ; 15 ; 97 ; 1500097 ; 2748.352 ; j9030_9.sol ; 1700 ; 1000 ; 5000 ; 10000 ; 0.25 ;
j9037_2.sm ; 6300153 ; 27 ; 117 ; 2700117 ; 2747.552 ; j9037_2.sol ; 1700 ; 1000 ; 5000 ; 10000 ; 0.25 ;
j9037_6.sm ; 8700183 ; 37 ; 133 ; 3700133 ; 2832.568 ; j9037_6.sol ; 1700 ; 1000 ; 5000 ; 10000 ; 0.25 ;
j9041_1.sm ; 8000182 ; 42 ; 144 ; 4200144 ; 2860.308 ; j9041_1.sol ; 1700 ; 1000 ; 5000 ; 10000 ; 0.25 ;
j9041_2.sm ; 11200220 ; 66 ; 174 ; 6600174 ; 4396.776 ; j9041_2.sol ; 1700 ; 1000 ; 5000 ; 10000 ; 0.25 ;
j9041_3.sm ; 12300229 ; 60 ; 166 ; 6000166 ; 3096.377 ; j9041_3.sol ; 1700 ; 1000 ; 5000 ; 10000 ; 0.25 ;
j9041_4.sm ; 12600211 ; 73 ; 158 ; 7300158 ; 4210.678 ; j9041_4.sol ; 1700 ; 1000 ; 5000 ; 10000 ; 0.25 ;
j9041_5.sm ; 7600165 ; 42 ; 131 ; 4200131 ; 2820.527 ; j9041_5.sol ; 1700 ; 1000 ; 5000 ; 10000 ; 0.25 ;
j9041_6.sm ; 9200178 ; 52 ; 138 ; 5200138 ; 3223.897 ; j9041_6.sol ; 1700 ; 1000 ; 5000 ; 10000 ; 0.25 ;
j9041_7.sm ; 11500220 ; 58 ; 163 ; 5800163 ; 3245.818 ; j9041_7.sol ; 1700 ; 1000 ; 5000 ; 10000 ; 0.25 ;
j9041_8.sm ; 13800246 ; 60 ; 168 ; 6000168 ; 3233.862 ; j9041_8.sol ; 1700 ; 1000 ; 5000 ; 10000 ; 0.25 ;
j9041_9.sm ; 8500162 ; 46 ; 123 ; 4600123 ; 2959.860 ; j9041_9.sol ; 1700 ; 1000 ; 5000 ; 10000 ; 0.25 ;
j9041_10.sm ; 10300208 ; 48 ; 153 ; 4800153 ; 2895.619 ; j9041_10.sol ; 1700 ; 1000 ; 5000 ; 10000 ; 0.25 ;
j9045_1.sm ; 10100194 ; 56 ; 149 ; 5600149 ; 3038.982 ; j9045_1.sol ; 1700 ; 1000 ; 5000 ; 10000 ; 0.25 ;
j9045_2.sm ; 10000189 ; 63 ; 152 ; 6300152 ; 3138.736 ; j9045_2.sol ; 1700 ; 1000 ; 5000 ; 10000 ; 0.25 ;
j9045_3.sm ; 10600207 ; 56 ; 157 ; 5600157 ; 2844.803 ; j9045_3.sol ; 1700 ; 1000 ; 5000 ; 10000 ; 0.25 ;
j9045_4.sm ; 10500181 ; 63 ; 139 ; 6300139 ; 4806.200 ; j9045_4.sol ; 1700 ; 1000 ; 5000 ; 10000 ; 0.25 ;
j9045_5.sm ; 14300241 ; 81 ; 179 ; 8100179 ; 3855.231 ; j9045_5.sol ; 1700 ; 1000 ; 5000 ; 10000 ; 0.25 ;
j9045_6.sm ; 13700243 ; 73 ; 179 ; 7300179 ; 3404.086 ; j9045_6.sol ; 1700 ; 1000 ; 5000 ; 10000 ; 0.25 ;
j9045_7.sm ; 8600167 ; 86 ; 167 ; 8600167 ; 3183.342 ; j9045_7.sol ; 1700 ; 1000 ; 5000 ; 10000 ; 0.25 ;
j9045_8.sm ; 10700204 ; 76 ; 173 ; 7600173 ; 2040.306 ; j9045_8.sol ; 1700 ; 1000 ; 5000 ; 10000 ; 0.25 ;
j9045_9.sm ; 11300209 ; 76 ; 172 ; 7600172 ; 2317.064 ; j9045_9.sol ; 1700 ; 1000 ; 5000 ; 10000 ; 0.25 ;
j9045_10.sm ; 12800216 ; 86 ; 174 ; 8600174 ; 2815.543 ; j9045_10.sol ; 1700 ; 1000 ; 5000 ; 10000 ; 0.25 ;
j9046_1.sm ; 3100134 ; 31 ; 134 ; 3100134 ; 6.359 ; j9046_1.sol ; 1700 ; 1000 ; 5000 ; 10000 ; 0.25 ;
j9046_2.sm ; 3400132 ; 34 ; 132 ; 3400132 ; 5.123 ; j9046_2.sol ; 1700 ; 1000 ; 5000 ; 10000 ; 0.25 ;
j9046_3.sm ; 3600148 ; 36 ; 148 ; 3600148 ; 4.344 ; j9046_3.sol ; 1700 ; 1000 ; 5000 ; 10000 ; 0.25 ;
j9046_4.sm ; 3800126 ; 38 ; 126 ; 3800126 ; 20.140 ; j9046_4.sol ; 1700 ; 1000 ; 5000 ; 10000 ; 0.25 ;
j9046_5.sm ; 2200113 ; 22 ; 113 ; 2200113 ; 5.511 ; j9046_5.sol ; 1700 ; 1000 ; 5000 ; 10000 ; 0.25 ;
j9046_6.sm ; 3600119 ; 36 ; 119 ; 3600119 ; 5.288 ; j9046_6.sol ; 1700 ; 1000 ; 5000 ; 10000 ; 0.25 ;
j9046_7.sm ; 2300112 ; 23 ; 112 ; 2300112 ; 4.834 ; j9046_7.sol ; 1700 ; 1000 ; 5000 ; 10000 ; 0.25 ;
j9046_8.sm ; 3300120 ; 33 ; 120 ; 3300120 ; 26.694 ; j9046_8.sol ; 1700 ; 1000 ; 5000 ; 10000 ; 0.25 ;
j9046_9.sm ; 3200106 ; 32 ; 106 ; 3200106 ; 252.615 ; j9046_9.sol ; 1700 ; 1000 ; 5000 ; 10000 ; 0.25 ;
j9046_10.sm ; 1900133 ; 19 ; 133 ; 1900133 ; 3.928 ; j9046_10.sol ; 1700 ; 1000 ; 5000 ; 10000 ; 0.25 ;
j9047_1.sm ; 1100093 ; 11 ; 93 ; 1100093 ; 3.649 ; j9047_1.sol ; 1700 ; 1000 ; 5000 ; 10000 ; 0.25 ;
j9047_2.sm ; 1100101 ; 11 ; 101 ; 1100101 ; 3.541 ; j9047_2.sol ; 1700 ; 1000 ; 5000 ; 10000 ; 0.25 ;
j9047_3.sm ; 2800130 ; 28 ; 130 ; 2800130 ; 4.380 ; j9047_3.sol ; 1700 ; 1000 ; 5000 ; 10000 ; 0.25 ;
j9047_4.sm ; 1800111 ; 18 ; 111 ; 1800111 ; 4.045 ; j9047_4.sol ; 1700 ; 1000 ; 5000 ; 10000 ; 0.25 ;
j9047_5.sm ; 1200105 ; 12 ; 105 ; 1200105 ; 4.104 ; j9047_5.sol ; 1700 ; 1000 ; 5000 ; 10000 ; 0.25 ;
j9047_6.sm ; 100099 ; 1 ; 99 ; 100099 ; 3.526 ; j9047_6.sol ; 1700 ; 1000 ; 5000 ; 10000 ; 0.25 ;
j9047_7.sm ; 600100 ; 6 ; 100 ; 600100 ; 3.844 ; j9047_7.sol ; 1700 ; 1000 ; 5000 ; 10000 ; 0.25 ;
j9047_8.sm ; 900107 ; 9 ; 107 ; 900107 ; 3.028 ; j9047_8.sol ; 1700 ; 1000 ; 5000 ; 10000 ; 0.25 ;
j9047_9.sm ; 300089 ; 3 ; 89 ; 300089 ; 4.039 ; j9047_9.sol ; 1700 ; 1000 ; 5000 ; 10000 ; 0.25 ;
j9047_10.sm ; 900074 ; 9 ; 74 ; 900074 ; 5.013 ; j9047_10.sol ; 1700 ; 1000 ; 5000 ; 10000 ; 0.25 ;
j9048_1.sm ; 83 ; 0 ; 83 ; 83 ; 3.306 ; j9048_1.sol ; 1700 ; 1000 ; 5000 ; 10000 ; 0.25 ;
j9048_2.sm ; 400093 ; 4 ; 93 ; 400093 ; 2.696 ; j9048_2.sol ; 1700 ; 1000 ; 5000 ; 10000 ; 0.25 ;
j9048_3.sm ; 86 ; 0 ; 86 ; 86 ; 2.595 ; j9048_3.sol ; 1700 ; 1000 ; 5000 ; 10000 ; 0.25 ;
j9048_4.sm ; 91 ; 0 ; 91 ; 91 ; 2.402 ; j9048_4.sol ; 1700 ; 1000 ; 5000 ; 10000 ; 0.25 ;
j9048_5.sm ; 75 ; 0 ; 75 ; 75 ; 3.204 ; j9048_5.sol ; 1700 ; 1000 ; 5000 ; 10000 ; 0.25 ;
j9048_6.sm ; 800122 ; 8 ; 122 ; 800122 ; 2.577 ; j9048_6.sol ; 1700 ; 1000 ; 5000 ; 10000 ; 0.25 ;
j9048_7.sm ; 103 ; 0 ; 103 ; 103 ; 2.238 ; j9048_7.sol ; 1700 ; 1000 ; 5000 ; 10000 ; 0.25 ;
j9048_8.sm ; 74 ; 0 ; 74 ; 74 ; 3.181 ; j9048_8.sol ; 1700 ; 1000 ; 5000 ; 10000 ; 0.25 ;
j9048_9.sm ; 89 ; 0 ; 89 ; 89 ; 2.151 ; j9048_9.sol ; 1700 ; 1000 ; 5000 ; 10000 ; 0.25 ;
j9048_10.sm ; 93 ; 0 ; 93 ; 93 ; 2.638 ; j9048_10.sol ; 1700 ; 1000 ; 5000 ; 10000 ; 0.25 ;
j1206_1.sm ; 17900254 ; 179 ; 254 ; 17900254 ; 1044.312 ; j1206_1.sol ; 1700 ; 1000 ; 5000 ; 10000 ; 0.25 ;
j1206_2.sm ; 14700219 ; 147 ; 219 ; 14700219 ; 1095.890 ; j1206_2.sol ; 1700 ; 1000 ; 5000 ; 10000 ; 0.25 ;
j1206_4.sm ; 15900257 ; 63 ; 161 ; 6300161 ; 3810.155 ; j1206_4.sol ; 1700 ; 1000 ; 5000 ; 10000 ; 0.25 ;
j1206_5.sm ; 12300195 ; 61 ; 133 ; 6100133 ; 3873.297 ; j1206_5.sol ; 1700 ; 1000 ; 5000 ; 10000 ; 0.25 ;
j1206_6.sm ; 15200223 ; 90 ; 161 ; 9000161 ; 8504.439 ; j1206_6.sol ; 1700 ; 1000 ; 5000 ; 10000 ; 0.25 ;
j1206_7.sm ; 15700269 ; 62 ; 174 ; 6200174 ; 7773.194 ; j1206_7.sol ; 1700 ; 1000 ; 5000 ; 10000 ; 0.25 ;
j1206_8.sm ; 16000263 ; 52 ; 155 ; 5200155 ; 3530.926 ; j1206_8.sol ; 1700 ; 1000 ; 5000 ; 10000 ; 0.25 ;
j1206_9.sm ; 13700224 ; 83 ; 170 ; 8300170 ; 4617.608 ; j1206_9.sol ; 1700 ; 1000 ; 5000 ; 10000 ; 0.25 ;
j1206_10.sm ; 20300296 ; 89 ; 182 ; 8900182 ; 4551.997 ; j1206_10.sol ; 1700 ; 1000 ; 5000 ; 10000 ; 0.25 ;
j1207_1.sm ; 7900155 ; 31 ; 107 ; 3100107 ; 2936.209 ; j1207_1.sol ; 1700 ; 1000 ; 5000 ; 10000 ; 0.25 ;
j1207_2.sm ; 7700175 ; 21 ; 119 ; 2100119 ; 2831.977 ; j1207_2.sol ; 1700 ; 1000 ; 5000 ; 10000 ; 0.25 ;
j1207_3.sm ; 6400154 ; 14 ; 104 ; 1400104 ; 2783.789 ; j1207_3.sol ; 1700 ; 1000 ; 5000 ; 10000 ; 0.25 ;
j1207_4.sm ; 10000185 ; 32 ; 117 ; 3200117 ; 2931.202 ; j1207_4.sol ; 1700 ; 1000 ; 5000 ; 10000 ; 0.25 ;
j1207_5.sm ; 10100188 ; 51 ; 138 ; 5100138 ; 3563.074 ; j1207_5.sol ; 1700 ; 1000 ; 5000 ; 10000 ; 0.25 ;
j1207_6.sm ; 9400190 ; 33 ; 129 ; 3300129 ; 3071.885 ; j1207_6.sol ; 1700 ; 1000 ; 5000 ; 10000 ; 0.25 ;
j1207_7.sm ; 8500178 ; 31 ; 124 ; 3100124 ; 2853.174 ; j1207_7.sol ; 1700 ; 1000 ; 5000 ; 10000 ; 0.25 ;
j1207_8.sm ; 8400149 ; 36 ; 101 ; 3600101 ; 2824.415 ; j1207_8.sol ; 1700 ; 1000 ; 5000 ; 10000 ; 0.25 ;
j1207_9.sm ; 5700136 ; 17 ; 96 ; 1700096 ; 2810.099 ; j1207_9.sol ; 1700 ; 1000 ; 5000 ; 10000 ; 0.25 ;
j1207_10.sm ; 8700171 ; 39 ; 123 ; 3900123 ; 2929.580 ; j1207_10.sol ; 1700 ; 1000 ; 5000 ; 10000 ; 0.25 ;
j1208_2.sm ; 6500155 ; 18 ; 108 ; 1800108 ; 2863.084 ; j1208_2.sol ; 1700 ; 1000 ; 5000 ; 10000 ; 0.25 ;
j1208_3.sm ; 4100129 ; 11 ; 99 ; 1100099 ; 2733.481 ; j1208_3.sol ; 1700 ; 1000 ; 5000 ; 10000 ; 0.25 ;
j1208_4.sm ; 4800137 ; 10 ; 99 ; 1000099 ; 2753.669 ; j1208_4.sol ; 1700 ; 1000 ; 5000 ; 10000 ; 0.25 ;
j1208_6.sm ; 6800150 ; 8 ; 90 ; 800090 ; 2720.425 ; j1208_6.sol ; 1700 ; 1000 ; 5000 ; 10000 ; 0.25 ;
j1208_9.sm ; 4300126 ; 43 ; 126 ; 4300126 ; 52.899 ; j1208_9.sol ; 1700 ; 1000 ; 5000 ; 10000 ; 0.25 ;
j1208_10.sm ; 4500128 ; 13 ; 96 ; 1300096 ; 2750.107 ; j1208_10.sol ; 1700 ; 1000 ; 5000 ; 10000 ; 0.25 ;
j1209_4.sm ; 5300133 ; 53 ; 133 ; 5300133 ; 25.626 ; j1209_4.sol ; 1700 ; 1000 ; 5000 ; 10000 ; 0.25 ;
j12011_1.sm ; 14100231 ; 89 ; 179 ; 8900179 ; 3849.062 ; j12011_1.sol ; 1700 ; 1000 ; 5000 ; 10000 ; 0.25 ;
j12011_3.sm ; 19800291 ; 120 ; 213 ; 12000213 ; 7998.865 ; j12011_3.sol ; 1700 ; 1000 ; 5000 ; 10000 ; 0.25 ;
j12011_4.sm ; 20600302 ; 113 ; 209 ; 11300209 ; 10695.277 ; j12011_4.sol ; 1700 ; 1000 ; 5000 ; 10000 ; 0.25 ;
j12011_5.sm ; 23500332 ; 126 ; 223 ; 12600223 ; 9003.142 ; j12011_5.sol ; 1700 ; 1000 ; 5000 ; 10000 ; 0.25 ;
j12011_6.sm ; 23700328 ; 135 ; 226 ; 13500226 ; 19353.128 ; j12011_6.sol ; 1700 ; 1000 ; 5000 ; 10000 ; 0.25 ;
j12011_7.sm ; 14500227 ; 93 ; 175 ; 9300175 ; 4726.789 ; j12011_7.sol ; 1700 ; 1000 ; 5000 ; 10000 ; 0.25 ;
j12011_8.sm ; 14400239 ; 77 ; 172 ; 7700172 ; 5636.016 ; j12011_8.sol ; 1700 ; 1000 ; 5000 ; 10000 ; 0.25 ;
j12011_9.sm ; 16500241 ; 105 ; 181 ; 10500181 ; 5300.735 ; j12011_9.sol ; 1700 ; 1000 ; 5000 ; 10000 ; 0.25 ;
j12011_10.sm ; 16900259 ; 102 ; 192 ; 10200192 ; 9356.903 ; j12011_10.sol ; 1700 ; 1000 ; 5000 ; 10000 ; 0.25 ;
j12012_1.sm ; 8200176 ; 53 ; 147 ; 5300147 ; 3531.518 ; j12012_1.sol ; 1700 ; 1000 ; 5000 ; 10000 ; 0.25 ;
j12012_2.sm ; 8800160 ; 51 ; 123 ; 5100123 ; 3162.563 ; j12012_2.sol ; 1700 ; 1000 ; 5000 ; 10000 ; 0.25 ;
j12012_3.sm ; 11000194 ; 60 ; 144 ; 6000144 ; 3779.955 ; j12012_3.sol ; 1700 ; 1000 ; 5000 ; 10000 ; 0.25 ;
j12012_4.sm ; 9100185 ; 39 ; 133 ; 3900133 ; 3202.108 ; j12012_4.sol ; 1700 ; 1000 ; 5000 ; 10000 ; 0.25 ;
j12012_5.sm ; 13500233 ; 73 ; 171 ; 7300171 ; 6370.279 ; j12012_5.sol ; 1700 ; 1000 ; 5000 ; 10000 ; 0.25 ;
j12012_6.sm ; 9800180 ; 46 ; 128 ; 4600128 ; 3363.910 ; j12012_6.sol ; 1700 ; 1000 ; 5000 ; 10000 ; 0.25 ;
j12012_8.sm ; 9200164 ; 54 ; 126 ; 5400126 ; 3287.192 ; j12012_8.sol ; 1700 ; 1000 ; 5000 ; 10000 ; 0.25 ;
j12012_9.sm ; 7000147 ; 35 ; 112 ; 3500112 ; 2860.159 ; j12012_9.sol ; 1700 ; 1000 ; 5000 ; 10000 ; 0.25 ;
j12012_10.sm ; 11400198 ; 63 ; 147 ; 6300147 ; 3042.044 ; j12012_10.sol ; 1700 ; 1000 ; 5000 ; 10000 ; 0.25 ;
j12013_1.sm ; 6400185 ; 12 ; 133 ; 1200133 ; 2834.136 ; j12013_1.sol ; 1700 ; 1000 ; 5000 ; 10000 ; 0.25 ;
j12013_2.sm ; 3800110 ; 20 ; 92 ; 2000092 ; 2793.676 ; j12013_2.sol ; 1700 ; 1000 ; 5000 ; 10000 ; 0.25 ;
j12013_3.sm ; 7500181 ; 19 ; 125 ; 1900125 ; 2915.733 ; j12013_3.sol ; 1700 ; 1000 ; 5000 ; 10000 ; 0.25 ;
j12013_4.sm ; 6700155 ; 30 ; 118 ; 3000118 ; 2883.116 ; j12013_4.sol ; 1700 ; 1000 ; 5000 ; 10000 ; 0.25 ;
j12013_5.sm ; 4600125 ; 18 ; 97 ; 1800097 ; 2780.175 ; j12013_5.sol ; 1700 ; 1000 ; 5000 ; 10000 ; 0.25 ;
j12013_6.sm ; 6100147 ; 19 ; 105 ; 1900105 ; 2860.627 ; j12013_6.sol ; 1700 ; 1000 ; 5000 ; 10000 ; 0.25 ;
j12013_7.sm ; 6100166 ; 9 ; 114 ; 900114 ; 2835.061 ; j12013_7.sol ; 1700 ; 1000 ; 5000 ; 10000 ; 0.25 ;
j12013_8.sm ; 5400141 ; 12 ; 99 ; 1200099 ; 2834.542 ; j12013_8.sol ; 1700 ; 1000 ; 5000 ; 10000 ; 0.25 ;
j12013_9.sm ; 5800135 ; 13 ; 90 ; 1300090 ; 2761.463 ; j12013_9.sol ; 1700 ; 1000 ; 5000 ; 10000 ; 0.25 ;
j12014_1.sm ; 3200113 ; 9 ; 90 ; 900090 ; 2757.748 ; j12014_1.sol ; 1700 ; 1000 ; 5000 ; 10000 ; 0.25 ;
j12014_2.sm ; 4200128 ; 12 ; 98 ; 1200098 ; 2756.528 ; j12014_2.sol ; 1700 ; 1000 ; 5000 ; 10000 ; 0.25 ;
j12014_4.sm ; 3300118 ; 8 ; 93 ; 800093 ; 2733.829 ; j12014_4.sol ; 1700 ; 1000 ; 5000 ; 10000 ; 0.25 ;
j12014_5.sm ; 6000150 ; 12 ; 102 ; 1200102 ; 2795.791 ; j12014_5.sol ; 1700 ; 1000 ; 5000 ; 10000 ; 0.25 ;
j12014_8.sm ; 3800139 ; 15 ; 116 ; 1500116 ; 2800.501 ; j12014_8.sol ; 1700 ; 1000 ; 5000 ; 10000 ; 0.25 ;
j12014_10.sm ; 4300123 ; 5 ; 85 ; 500085 ; 2719.208 ; j12014_10.sol ; 1700 ; 1000 ; 5000 ; 10000 ; 0.25 ;
j12016_1.sm ; 21000281 ; 137 ; 208 ; 13700208 ; 25879.440 ; j12016_1.sol ; 1700 ; 1000 ; 5000 ; 10000 ; 0.25 ;
j12016_2.sm ; 24000325 ; 159 ; 244 ; 15900244 ; 23895.448 ; j12016_2.sol ; 1700 ; 1000 ; 5000 ; 10000 ; 0.25 ;
j12016_3.sm ; 20900306 ; 146 ; 243 ; 14600243 ; 19490.654 ; j12016_3.sol ; 1700 ; 1000 ; 5000 ; 10000 ; 0.25 ;
j12016_4.sm ; 18800268 ; 129 ; 209 ; 12900209 ; 11824.845 ; j12016_4.sol ; 1700 ; 1000 ; 5000 ; 10000 ; 0.25 ;
j12016_5.sm ; 17600268 ; 118 ; 210 ; 11800210 ; 8454.584 ; j12016_5.sol ; 1700 ; 1000 ; 5000 ; 10000 ; 0.25 ;
j12016_6.sm ; 21200291 ; 139 ; 218 ; 13900218 ; 15627.492 ; j12016_6.sol ; 1700 ; 1000 ; 5000 ; 10000 ; 0.25 ;
j12016_8.sm ; 18500262 ; 128 ; 205 ; 12800205 ; 15685.811 ; j12016_8.sol ; 1700 ; 1000 ; 5000 ; 10000 ; 0.25 ;
j12016_9.sm ; 18700275 ; 127 ; 215 ; 12700215 ; 17003.457 ; j12016_9.sol ; 1700 ; 1000 ; 5000 ; 10000 ; 0.25 ;
j12016_10.sm ; 20600304 ; 129 ; 227 ; 12900227 ; 10254.527 ; j12016_10.sol ; 1700 ; 1000 ; 5000 ; 10000 ; 0.25 ;
j12017_1.sm ; 9600183 ; 61 ; 148 ; 6100148 ; 4163.071 ; j12017_1.sol ; 1700 ; 1000 ; 5000 ; 10000 ; 0.25 ;
j12017_2.sm ; 10000174 ; 55 ; 129 ; 5500129 ; 3387.400 ; j12017_2.sol ; 1700 ; 1000 ; 5000 ; 10000 ; 0.25 ;
j12017_3.sm ; 7300145 ; 43 ; 115 ; 4300115 ; 3044.077 ; j12017_3.sol ; 1700 ; 1000 ; 5000 ; 10000 ; 0.25 ;
j12017_4.sm ; 7600167 ; 37 ; 128 ; 3700128 ; 3402.684 ; j12017_4.sol ; 1700 ; 1000 ; 5000 ; 10000 ; 0.25 ;
j12017_5.sm ; 9900189 ; 47 ; 137 ; 4700137 ; 3256.539 ; j12017_5.sol ; 1700 ; 1000 ; 5000 ; 10000 ; 0.25 ;
j12017_6.sm ; 10200170 ; 75 ; 143 ; 7500143 ; 4688.185 ; j12017_6.sol ; 1700 ; 1000 ; 5000 ; 10000 ; 0.25 ;
j12017_7.sm ; 10600204 ; 57 ; 155 ; 5700155 ; 3579.521 ; j12017_7.sol ; 1700 ; 1000 ; 5000 ; 10000 ; 0.25 ;
j12017_8.sm ; 9700170 ; 61 ; 134 ; 6100134 ; 3466.254 ; j12017_8.sol ; 1700 ; 1000 ; 5000 ; 10000 ; 0.25 ;
j12017_9.sm ; 10100182 ; 61 ; 142 ; 6100142 ; 3650.027 ; j12017_9.sol ; 1700 ; 1000 ; 5000 ; 10000 ; 0.25 ;
j12017_10.sm ; 8800176 ; 54 ; 142 ; 5400142 ; 3670.986 ; j12017_10.sol ; 1700 ; 1000 ; 5000 ; 10000 ; 0.25 ;
j12018_1.sm ; 8400185 ; 42 ; 143 ; 4200143 ; 2981.880 ; j12018_1.sol ; 1700 ; 1000 ; 5000 ; 10000 ; 0.25 ;
j12018_2.sm ; 3900150 ; 12 ; 123 ; 1200123 ; 2815.077 ; j12018_2.sol ; 1700 ; 1000 ; 5000 ; 10000 ; 0.25 ;
j12018_3.sm ; 5500127 ; 32 ; 104 ; 3200104 ; 2834.262 ; j12018_3.sol ; 1700 ; 1000 ; 5000 ; 10000 ; 0.25 ;
j12018_4.sm ; 4800125 ; 29 ; 106 ; 2900106 ; 2849.165 ; j12018_4.sol ; 1700 ; 1000 ; 5000 ; 10000 ; 0.25 ;
j12018_5.sm ; 7200160 ; 35 ; 123 ; 3500123 ; 2917.865 ; j12018_5.sol ; 1700 ; 1000 ; 5000 ; 10000 ; 0.25 ;
j12018_6.sm ; 8700195 ; 33 ; 141 ; 3300141 ; 2936.383 ; j12018_6.sol ; 1700 ; 1000 ; 5000 ; 10000 ; 0.25 ;
j12018_7.sm ; 7400163 ; 36 ; 125 ; 3600125 ; 3146.455 ; j12018_7.sol ; 1700 ; 1000 ; 5000 ; 10000 ; 0.25 ;
j12018_8.sm ; 4800136 ; 24 ; 112 ; 2400112 ; 2946.883 ; j12018_8.sol ; 1700 ; 1000 ; 5000 ; 10000 ; 0.25 ;
j12018_9.sm ; 4300119 ; 20 ; 96 ; 2000096 ; 2778.671 ; j12018_9.sol ; 1700 ; 1000 ; 5000 ; 10000 ; 0.25 ;
j12018_10.sm ; 5900143 ; 21 ; 105 ; 2100105 ; 2827.207 ; j12018_10.sol ; 1700 ; 1000 ; 5000 ; 10000 ; 0.25 ;
j12019_2.sm ; 3300114 ; 6 ; 87 ; 600087 ; 2728.137 ; j12019_2.sol ; 1700 ; 1000 ; 5000 ; 10000 ; 0.25 ;
j12019_3.sm ; 5700129 ; 17 ; 89 ; 1700089 ; 2761.229 ; j12019_3.sol ; 1700 ; 1000 ; 5000 ; 10000 ; 0.25 ;
j12019_4.sm ; 5900151 ; 22 ; 114 ; 2200114 ; 2825.930 ; j12019_4.sol ; 1700 ; 1000 ; 5000 ; 10000 ; 0.25 ;
j12019_5.sm ; 5300138 ; 24 ; 109 ; 2400109 ; 2861.665 ; j12019_5.sol ; 1700 ; 1000 ; 5000 ; 10000 ; 0.25 ;
j12020_3.sm ; 2300097 ; 7 ; 81 ; 700081 ; 2735.382 ; j12020_3.sol ; 1700 ; 1000 ; 5000 ; 10000 ; 0.25 ;
j12026_1.sm ; 17100267 ; 83 ; 179 ; 8300179 ; 5233.896 ; j12026_1.sol ; 1700 ; 1000 ; 5000 ; 10000 ; 0.25 ;
j12026_2.sm ; 16300260 ; 79 ; 176 ; 7900176 ; 4541.905 ; j12026_2.sol ; 1700 ; 1000 ; 5000 ; 10000 ; 0.25 ;
j12026_3.sm ; 15000243 ; 80 ; 173 ; 8000173 ; 4772.980 ; j12026_3.sol ; 1700 ; 1000 ; 5000 ; 10000 ; 0.25 ;
j12026_4.sm ; 16300271 ; 71 ; 179 ; 7100179 ; 4360.157 ; j12026_4.sol ; 1700 ; 1000 ; 5000 ; 10000 ; 0.25 ;
j12026_5.sm ; 15600237 ; 81 ; 162 ; 8100162 ; 5542.147 ; j12026_5.sol ; 1700 ; 1000 ; 5000 ; 10000 ; 0.25 ;
j12026_6.sm ; 17500297 ; 72 ; 194 ; 7200194 ; 3806.295 ; j12026_6.sol ; 1700 ; 1000 ; 5000 ; 10000 ; 0.25 ;
j12026_7.sm ; 14600229 ; 83 ; 166 ; 8300166 ; 5967.624 ; j12026_7.sol ; 1700 ; 1000 ; 5000 ; 10000 ; 0.25 ;
j12026_8.sm ; 15400259 ; 77 ; 182 ; 7700182 ; 3816.333 ; j12026_8.sol ; 1700 ; 1000 ; 5000 ; 10000 ; 0.25 ;
j12026_9.sm ; 14000264 ; 57 ; 181 ; 5700181 ; 3034.360 ; j12026_9.sol ; 1700 ; 1000 ; 5000 ; 10000 ; 0.25 ;
j12026_10.sm ; 15700279 ; 70 ; 192 ; 7000192 ; 3321.681 ; j12026_10.sol ; 1700 ; 1000 ; 5000 ; 10000 ; 0.25 ;
j12027_1.sm ; 7600153 ; 35 ; 112 ; 3500112 ; 2987.649 ; j12027_1.sol ; 1700 ; 1000 ; 5000 ; 10000 ; 0.25 ;
j12027_2.sm ; 6800155 ; 33 ; 120 ; 3300120 ; 2845.025 ; j12027_2.sol ; 1700 ; 1000 ; 5000 ; 10000 ; 0.25 ;
j12027_3.sm ; 10000198 ; 50 ; 148 ; 5000148 ; 2882.335 ; j12027_3.sol ; 1700 ; 1000 ; 5000 ; 10000 ; 0.25 ;
j12027_4.sm ; 9400179 ; 27 ; 112 ; 2700112 ; 2849.508 ; j12027_4.sol ; 1700 ; 1000 ; 5000 ; 10000 ; 0.25 ;
j12027_5.sm ; 8300172 ; 28 ; 117 ; 2800117 ; 2778.402 ; j12027_5.sol ; 1700 ; 1000 ; 5000 ; 10000 ; 0.25 ;
j12027_6.sm ; 11300210 ; 54 ; 151 ; 5400151 ; 3214.907 ; j12027_6.sol ; 1700 ; 1000 ; 5000 ; 10000 ; 0.25 ;
j12027_7.sm ; 9900199 ; 30 ; 130 ; 3000130 ; 3250.919 ; j12027_7.sol ; 1700 ; 1000 ; 5000 ; 10000 ; 0.25 ;
j12027_8.sm ; 10400212 ; 38 ; 146 ; 3800146 ; 3092.178 ; j12027_8.sol ; 1700 ; 1000 ; 5000 ; 10000 ; 0.25 ;
j12027_9.sm ; 9100186 ; 41 ; 136 ; 4100136 ; 2977.399 ; j12027_9.sol ; 1700 ; 1000 ; 5000 ; 10000 ; 0.25 ;
j12027_10.sm ; 5200157 ; 15 ; 120 ; 1500120 ; 2756.320 ; j12027_10.sol ; 1700 ; 1000 ; 5000 ; 10000 ; 0.25 ;
j12028_1.sm ; 5600154 ; 13 ; 111 ; 1300111 ; 2793.916 ; j12028_1.sol ; 1700 ; 1000 ; 5000 ; 10000 ; 0.25 ;
j12028_7.sm ; 5800155 ; 15 ; 112 ; 1500112 ; 2758.660 ; j12028_7.sol ; 1700 ; 1000 ; 5000 ; 10000 ; 0.25 ;
j12029_3.sm ; 5000130 ; 19 ; 99 ; 1900099 ; 2736.004 ; j12029_3.sol ; 1700 ; 1000 ; 5000 ; 10000 ; 0.25 ;
j12029_6.sm ; 4100129 ; 5 ; 93 ; 500093 ; 2718.701 ; j12029_6.sol ; 1700 ; 1000 ; 5000 ; 10000 ; 0.25 ;
j12031_1.sm ; 19600288 ; 116 ; 208 ; 11600208 ; 12539.067 ; j12031_1.sol ; 1700 ; 1000 ; 5000 ; 10000 ; 0.25 ;
j12031_2.sm ; 20100283 ; 122 ; 204 ; 12200204 ; 7687.204 ; j12031_2.sol ; 1700 ; 1000 ; 5000 ; 10000 ; 0.25 ;
j12031_3.sm ; 16800248 ; 100 ; 180 ; 10000180 ; 8230.934 ; j12031_3.sol ; 1700 ; 1000 ; 5000 ; 10000 ; 0.25 ;
j12031_4.sm ; 20200314 ; 118 ; 230 ; 11800230 ; 23445.493 ; j12031_4.sol ; 1700 ; 1000 ; 5000 ; 10000 ; 0.25 ;
j12031_5.sm ; 20100298 ; 118 ; 215 ; 11800215 ; 6854.468 ; j12031_5.sol ; 1700 ; 1000 ; 5000 ; 10000 ; 0.25 ;
j12031_6.sm ; 16600267 ; 100 ; 201 ; 10000201 ; 6824.917 ; j12031_6.sol ; 1700 ; 1000 ; 5000 ; 10000 ; 0.25 ;
j12031_7.sm ; 18000290 ; 106 ; 216 ; 10600216 ; 9477.790 ; j12031_7.sol ; 1700 ; 1000 ; 5000 ; 10000 ; 0.25 ;
j12031_8.sm ; 18500277 ; 111 ; 203 ; 11100203 ; 10973.982 ; j12031_8.sol ; 1700 ; 1000 ; 5000 ; 10000 ; 0.25 ;
j12031_9.sm ; 17700276 ; 99 ; 198 ; 9900198 ; 10657.260 ; j12031_9.sol ; 1700 ; 1000 ; 5000 ; 10000 ; 0.25 ;
j12031_10.sm ; 23100321 ; 150 ; 240 ; 15000240 ; 27871.687 ; j12031_10.sol ; 1700 ; 1000 ; 5000 ; 10000 ; 0.25 ;
j12032_1.sm ; 11000209 ; 53 ; 152 ; 5300152 ; 3975.810 ; j12032_1.sol ; 1700 ; 1000 ; 5000 ; 10000 ; 0.25 ;
j12032_2.sm ; 8500185 ; 39 ; 139 ; 3900139 ; 3194.014 ; j12032_2.sol ; 1700 ; 1000 ; 5000 ; 10000 ; 0.25 ;
j12032_3.sm ; 9600197 ; 50 ; 151 ; 5000151 ; 2923.600 ; j12032_3.sol ; 1700 ; 1000 ; 5000 ; 10000 ; 0.25 ;
j12032_5.sm ; 9000189 ; 46 ; 145 ; 4600145 ; 3022.808 ; j12032_5.sol ; 1700 ; 1000 ; 5000 ; 10000 ; 0.25 ;
j12032_6.sm ; 9900193 ; 40 ; 134 ; 4000134 ; 3192.123 ; j12032_6.sol ; 1700 ; 1000 ; 5000 ; 10000 ; 0.25 ;
j12032_7.sm ; 5700161 ; 24 ; 128 ; 2400128 ; 3008.718 ; j12032_7.sol ; 1700 ; 1000 ; 5000 ; 10000 ; 0.25 ;
j12032_8.sm ; 12500206 ; 61 ; 142 ; 6100142 ; 3986.210 ; j12032_8.sol ; 1700 ; 1000 ; 5000 ; 10000 ; 0.25 ;
j12032_9.sm ; 7900165 ; 47 ; 133 ; 4700133 ; 3013.559 ; j12032_9.sol ; 1700 ; 1000 ; 5000 ; 10000 ; 0.25 ;
j12032_10.sm ; 9700188 ; 48 ; 139 ; 4800139 ; 3558.808 ; j12032_10.sol ; 1700 ; 1000 ; 5000 ; 10000 ; 0.25 ;
j12033_1.sm ; 6000159 ; 11 ; 110 ; 1100110 ; 2802.504 ; j12033_1.sol ; 1700 ; 1000 ; 5000 ; 10000 ; 0.25 ;
j12033_2.sm ; 6000152 ; 26 ; 118 ; 2600118 ; 2878.318 ; j12033_2.sol ; 1700 ; 1000 ; 5000 ; 10000 ; 0.25 ;
j12033_3.sm ; 5900147 ; 25 ; 113 ; 2500113 ; 2945.790 ; j12033_3.sol ; 1700 ; 1000 ; 5000 ; 10000 ; 0.25 ;
j12033_4.sm ; 4900146 ; 20 ; 117 ; 2000117 ; 2988.194 ; j12033_4.sol ; 1700 ; 1000 ; 5000 ; 10000 ; 0.25 ;
j12033_5.sm ; 10000208 ; 43 ; 151 ; 4300151 ; 3283.623 ; j12033_5.sol ; 1700 ; 1000 ; 5000 ; 10000 ; 0.25 ;
j12033_7.sm ; 6300156 ; 36 ; 129 ; 3600129 ; 3001.428 ; j12033_7.sol ; 1700 ; 1000 ; 5000 ; 10000 ; 0.25 ;
j12033_8.sm ; 7000160 ; 27 ; 117 ; 2700117 ; 3071.187 ; j12033_8.sol ; 1700 ; 1000 ; 5000 ; 10000 ; 0.25 ;
j12033_9.sm ; 6700169 ; 18 ; 120 ; 1800120 ; 2882.492 ; j12033_9.sol ; 1700 ; 1000 ; 5000 ; 10000 ; 0.25 ;
j12033_10.sm ; 4800136 ; 24 ; 112 ; 2400112 ; 2980.129 ; j12033_10.sol ; 1700 ; 1000 ; 5000 ; 10000 ; 0.25 ;
j12034_1.sm ; 4400116 ; 11 ; 83 ; 1100083 ; 2737.717 ; j12034_1.sol ; 1700 ; 1000 ; 5000 ; 10000 ; 0.25 ;
j12034_2.sm ; 5500150 ; 12 ; 107 ; 1200107 ; 2787.159 ; j12034_2.sol ; 1700 ; 1000 ; 5000 ; 10000 ; 0.25 ;
j12034_3.sm ; 5000144 ; 12 ; 106 ; 1200106 ; 2745.457 ; j12034_3.sol ; 1700 ; 1000 ; 5000 ; 10000 ; 0.25 ;
j12034_5.sm ; 5200151 ; 9 ; 108 ; 900108 ; 2738.546 ; j12034_5.sol ; 1700 ; 1000 ; 5000 ; 10000 ; 0.25 ;
j12034_8.sm ; 5600137 ; 12 ; 93 ; 1200093 ; 2736.357 ; j12034_8.sol ; 1700 ; 1000 ; 5000 ; 10000 ; 0.25 ;
j12034_9.sm ; 5300136 ; 16 ; 99 ; 1600099 ; 2826.104 ; j12034_9.sol ; 1700 ; 1000 ; 5000 ; 10000 ; 0.25 ;
j12035_5.sm ; 3300125 ; 4 ; 96 ; 400096 ; 2724.182 ; j12035_5.sol ; 1700 ; 1000 ; 5000 ; 10000 ; 0.25 ;
j12036_1.sm ; 18700285 ; 119 ; 217 ; 11900217 ; 11026.624 ; j12036_1.sol ; 1700 ; 1000 ; 5000 ; 10000 ; 0.25 ;
j12036_2.sm ; 21200301 ; 147 ; 236 ; 14700236 ; 45387.343 ; j12036_2.sol ; 1700 ; 1000 ; 5000 ; 10000 ; 0.25 ;
j12036_3.sm ; 22000311 ; 149 ; 240 ; 14900240 ; 19688.200 ; j12036_3.sol ; 1700 ; 1000 ; 5000 ; 10000 ; 0.25 ;
j12036_4.sm ; 21800314 ; 149 ; 245 ; 14900245 ; 14476.057 ; j12036_4.sol ; 1700 ; 1000 ; 5000 ; 10000 ; 0.25 ;
j12036_5.sm ; 20500300 ; 147 ; 242 ; 14700242 ; 26450.642 ; j12036_5.sol ; 1700 ; 1000 ; 5000 ; 10000 ; 0.25 ;
j12036_6.sm ; 20100302 ; 137 ; 238 ; 13700238 ; 24031.125 ; j12036_6.sol ; 1700 ; 1000 ; 5000 ; 10000 ; 0.25 ;
j12036_7.sm ; 18300286 ; 114 ; 217 ; 11400217 ; 7940.880 ; j12036_7.sol ; 1700 ; 1000 ; 5000 ; 10000 ; 0.25 ;
j12036_8.sm ; 13600219 ; 99 ; 182 ; 9900182 ; 7804.519 ; j12036_8.sol ; 1700 ; 1000 ; 5000 ; 10000 ; 0.25 ;
j12036_9.sm ; 18500289 ; 126 ; 230 ; 12600230 ; 24831.757 ; j12036_9.sol ; 1700 ; 1000 ; 5000 ; 10000 ; 0.25 ;
j12036_10.sm ; 18500276 ; 135 ; 226 ; 13500226 ; 22414.703 ; j12036_10.sol ; 1700 ; 1000 ; 5000 ; 10000 ; 0.25 ;
j12037_1.sm ; 9100187 ; 58 ; 154 ; 5800154 ; 4177.945 ; j12037_1.sol ; 1700 ; 1000 ; 5000 ; 10000 ; 0.25 ;
j12037_2.sm ; 10100187 ; 65 ; 151 ; 6500151 ; 3511.118 ; j12037_2.sol ; 1700 ; 1000 ; 5000 ; 10000 ; 0.25 ;
j12037_3.sm ; 8700188 ; 48 ; 149 ; 4800149 ; 3497.374 ; j12037_3.sol ; 1700 ; 1000 ; 5000 ; 10000 ; 0.25 ;
j12037_4.sm ; 11700212 ; 77 ; 172 ; 7700172 ; 6437.307 ; j12037_4.sol ; 1700 ; 1000 ; 5000 ; 10000 ; 0.25 ;
j12037_5.sm ; 14900263 ; 101 ; 215 ; 10100215 ; 6827.681 ; j12037_5.sol ; 1700 ; 1000 ; 5000 ; 10000 ; 0.25 ;
j12037_6.sm ; 11600221 ; 68 ; 173 ; 6800173 ; 4044.680 ; j12037_6.sol ; 1700 ; 1000 ; 5000 ; 10000 ; 0.25 ;
j12037_7.sm ; 12500207 ; 87 ; 169 ; 8700169 ; 6719.248 ; j12037_7.sol ; 1700 ; 1000 ; 5000 ; 10000 ; 0.25 ;
j12037_8.sm ; 12700243 ; 73 ; 189 ; 7300189 ; 7477.297 ; j12037_8.sol ; 1700 ; 1000 ; 5000 ; 10000 ; 0.25 ;
j12037_9.sm ; 9900181 ; 70 ; 152 ; 7000152 ; 4638.299 ; j12037_9.sol ; 1700 ; 1000 ; 5000 ; 10000 ; 0.25 ;
j12037_10.sm ; 9100171 ; 60 ; 140 ; 6000140 ; 3346.858 ; j12037_10.sol ; 1700 ; 1000 ; 5000 ; 10000 ; 0.25 ;
j12038_1.sm ; 4200145 ; 11 ; 114 ; 1100114 ; 2788.300 ; j12038_1.sol ; 1700 ; 1000 ; 5000 ; 10000 ; 0.25 ;
j12038_2.sm ; 6200154 ; 39 ; 131 ; 3900131 ; 3479.064 ; j12038_2.sol ; 1700 ; 1000 ; 5000 ; 10000 ; 0.25 ;
j12038_3.sm ; 8300188 ; 57 ; 162 ; 5700162 ; 3627.594 ; j12038_3.sol ; 1700 ; 1000 ; 5000 ; 10000 ; 0.25 ;
j12038_4.sm ; 7800194 ; 31 ; 147 ; 3100147 ; 2965.602 ; j12038_4.sol ; 1700 ; 1000 ; 5000 ; 10000 ; 0.25 ;
j12038_5.sm ; 4600141 ; 24 ; 119 ; 2400119 ; 3010.120 ; j12038_5.sol ; 1700 ; 1000 ; 5000 ; 10000 ; 0.25 ;
j12038_6.sm ; 6300158 ; 34 ; 129 ; 3400129 ; 3141.357 ; j12038_6.sol ; 1700 ; 1000 ; 5000 ; 10000 ; 0.25 ;
j12038_7.sm ; 4900140 ; 19 ; 110 ; 1900110 ; 2849.471 ; j12038_7.sol ; 1700 ; 1000 ; 5000 ; 10000 ; 0.25 ;
j12038_8.sm ; 5500153 ; 33 ; 131 ; 3300131 ; 2965.596 ; j12038_8.sol ; 1700 ; 1000 ; 5000 ; 10000 ; 0.25 ;
j12038_10.sm ; 8300179 ; 50 ; 146 ; 5000146 ; 3450.850 ; j12038_10.sol ; 1700 ; 1000 ; 5000 ; 10000 ; 0.25 ;
j12039_2.sm ; 4600150 ; 11 ; 115 ; 1100115 ; 2751.976 ; j12039_2.sol ; 1700 ; 1000 ; 5000 ; 10000 ; 0.25 ;
j12039_3.sm ; 5000150 ; 17 ; 117 ; 1700117 ; 2898.268 ; j12039_3.sol ; 1700 ; 1000 ; 5000 ; 10000 ; 0.25 ;
j12039_4.sm ; 4400120 ; 28 ; 104 ; 2800104 ; 2841.850 ; j12039_4.sol ; 1700 ; 1000 ; 5000 ; 10000 ; 0.25 ;
j12039_7.sm ; 4500139 ; 15 ; 109 ; 1500109 ; 2808.131 ; j12039_7.sol ; 1700 ; 1000 ; 5000 ; 10000 ; 0.25 ;
j12039_8.sm ; 3800131 ; 9 ; 102 ; 900102 ; 2795.329 ; j12039_8.sol ; 1700 ; 1000 ; 5000 ; 10000 ; 0.25 ;
j12039_9.sm ; 3800115 ; 20 ; 97 ; 2000097 ; 2868.786 ; j12039_9.sol ; 1700 ; 1000 ; 5000 ; 10000 ; 0.25 ;
j12039_10.sm ; 4400143 ; 17 ; 116 ; 1700116 ; 2796.643 ; j12039_10.sol ; 1700 ; 1000 ; 5000 ; 10000 ; 0.25 ;
j12040_1.sm ; 2900107 ; 5 ; 83 ; 500083 ; 2730.735 ; j12040_1.sol ; 1700 ; 1000 ; 5000 ; 10000 ; 0.25 ;
j12046_1.sm ; 16200281 ; 74 ; 193 ; 7400193 ; 7078.687 ; j12046_1.sol ; 1700 ; 1000 ; 5000 ; 10000 ; 0.25 ;
j12046_2.sm ; 17400291 ; 88 ; 205 ; 8800205 ; 6420.053 ; j12046_2.sol ; 1700 ; 1000 ; 5000 ; 10000 ; 0.25 ;
j12046_3.sm ; 16500269 ; 78 ; 182 ; 7800182 ; 4552.293 ; j12046_3.sol ; 1700 ; 1000 ; 5000 ; 10000 ; 0.25 ;
j12046_4.sm ; 17000260 ; 84 ; 174 ; 8400174 ; 4466.819 ; j12046_4.sol ; 1700 ; 1000 ; 5000 ; 10000 ; 0.25 ;
j12046_5.sm ; 12900226 ; 61 ; 158 ; 6100158 ; 3362.082 ; j12046_5.sol ; 1700 ; 1000 ; 5000 ; 10000 ; 0.25 ;
j12046_6.sm ; 17600273 ; 86 ; 183 ; 8600183 ; 5075.204 ; j12046_6.sol ; 1700 ; 1000 ; 5000 ; 10000 ; 0.25 ;
j12046_7.sm ; 17400280 ; 69 ; 175 ; 6900175 ; 3813.563 ; j12046_7.sol ; 1700 ; 1000 ; 5000 ; 10000 ; 0.25 ;
j12046_8.sm ; 15600252 ; 85 ; 181 ; 8500181 ; 6775.593 ; j12046_8.sol ; 1700 ; 1000 ; 5000 ; 10000 ; 0.25 ;
j12046_9.sm ; 16400259 ; 76 ; 171 ; 7600171 ; 6803.892 ; j12046_9.sol ; 1700 ; 1000 ; 5000 ; 10000 ; 0.25 ;
j12046_10.sm ; 18200287 ; 89 ; 194 ; 8900194 ; 4780.808 ; j12046_10.sol ; 1700 ; 1000 ; 5000 ; 10000 ; 0.25 ;
j12047_1.sm ; 10400211 ; 36 ; 143 ; 3600143 ; 2964.581 ; j12047_1.sol ; 1700 ; 1000 ; 5000 ; 10000 ; 0.25 ;
j12047_2.sm ; 9800205 ; 28 ; 135 ; 2800135 ; 2824.542 ; j12047_2.sol ; 1700 ; 1000 ; 5000 ; 10000 ; 0.25 ;
j12047_3.sm ; 8800187 ; 32 ; 131 ; 3200131 ; 2974.717 ; j12047_3.sol ; 1700 ; 1000 ; 5000 ; 10000 ; 0.25 ;
j12047_4.sm ; 7600182 ; 30 ; 136 ; 3000136 ; 2864.019 ; j12047_4.sol ; 1700 ; 1000 ; 5000 ; 10000 ; 0.25 ;
j12047_5.sm ; 8000186 ; 28 ; 134 ; 2800134 ; 3033.697 ; j12047_5.sol ; 1700 ; 1000 ; 5000 ; 10000 ; 0.25 ;
j12047_6.sm ; 11400214 ; 40 ; 140 ; 4000140 ; 4244.371 ; j12047_6.sol ; 1700 ; 1000 ; 5000 ; 10000 ; 0.25 ;
j12047_7.sm ; 8200168 ; 36 ; 122 ; 3600122 ; 2891.355 ; j12047_7.sol ; 1700 ; 1000 ; 5000 ; 10000 ; 0.25 ;
j12047_8.sm ; 11900200 ; 58 ; 139 ; 5800139 ; 3904.991 ; j12047_8.sol ; 1700 ; 1000 ; 5000 ; 10000 ; 0.25 ;
j12047_9.sm ; 12000224 ; 42 ; 146 ; 4200146 ; 2823.502 ; j12047_9.sol ; 1700 ; 1000 ; 5000 ; 10000 ; 0.25 ;
j12047_10.sm ; 8700189 ; 34 ; 136 ; 3400136 ; 2913.965 ; j12047_10.sol ; 1700 ; 1000 ; 5000 ; 10000 ; 0.25 ;
j12048_2.sm ; 8100169 ; 27 ; 115 ; 2700115 ; 2859.301 ; j12048_2.sol ; 1700 ; 1000 ; 5000 ; 10000 ; 0.25 ;
j12048_3.sm ; 6000164 ; 10 ; 114 ; 1000114 ; 2787.893 ; j12048_3.sol ; 1700 ; 1000 ; 5000 ; 10000 ; 0.25 ;
j12048_4.sm ; 6900174 ; 29 ; 134 ; 2900134 ; 2847.578 ; j12048_4.sol ; 1700 ; 1000 ; 5000 ; 10000 ; 0.25 ;
j12048_5.sm ; 5700150 ; 21 ; 114 ; 2100114 ; 2784.979 ; j12048_5.sol ; 1700 ; 1000 ; 5000 ; 10000 ; 0.25 ;
j12048_7.sm ; 4900151 ; 7 ; 109 ; 700109 ; 2722.846 ; j12048_7.sol ; 1700 ; 1000 ; 5000 ; 10000 ; 0.25 ;
j12049_2.sm ; 4200142 ; 12 ; 112 ; 1200112 ; 2720.668 ; j12049_2.sol ; 1700 ; 1000 ; 5000 ; 10000 ; 0.25 ;
j12051_1.sm ; 20800308 ; 118 ; 218 ; 11800218 ; 16557.565 ; j12051_1.sol ; 1700 ; 1000 ; 5000 ; 10000 ; 0.25 ;
j12051_2.sm ; 22500317 ; 137 ; 229 ; 13700229 ; 17020.094 ; j12051_2.sol ; 1700 ; 1000 ; 5000 ; 10000 ; 0.25 ;
j12051_3.sm ; 23200325 ; 135 ; 228 ; 13500228 ; 19589.588 ; j12051_3.sol ; 1700 ; 1000 ; 5000 ; 10000 ; 0.25 ;
j12051_4.sm ; 22600317 ; 135 ; 226 ; 13500226 ; 14653.198 ; j12051_4.sol ; 1700 ; 1000 ; 5000 ; 10000 ; 0.25 ;
j12051_5.sm ; 22500327 ; 140 ; 242 ; 14000242 ; 43325.896 ; j12051_5.sol ; 1700 ; 1000 ; 5000 ; 10000 ; 0.25 ;
j12051_6.sm ; 21800322 ; 120 ; 224 ; 12000224 ; 18124.733 ; j12051_6.sol ; 1700 ; 1000 ; 5000 ; 10000 ; 0.25 ;
j12051_7.sm ; 21000301 ; 127 ; 218 ; 12700218 ; 12332.010 ; j12051_7.sol ; 1700 ; 1000 ; 5000 ; 10000 ; 0.25 ;
j12051_8.sm ; 22300308 ; 132 ; 217 ; 13200217 ; 15854.444 ; j12051_8.sol ; 1700 ; 1000 ; 5000 ; 10000 ; 0.25 ;
j12051_9.sm ; 21200316 ; 117 ; 221 ; 11700221 ; 14871.879 ; j12051_9.sol ; 1700 ; 1000 ; 5000 ; 10000 ; 0.25 ;
j12052_1.sm ; 11500228 ; 70 ; 183 ; 7000183 ; 8971.797 ; j12052_1.sol ; 1700 ; 1000 ; 5000 ; 10000 ; 0.25 ;
j12052_2.sm ; 14900260 ; 79 ; 190 ; 7900190 ; 9071.040 ; j12052_2.sol ; 1700 ; 1000 ; 5000 ; 10000 ; 0.25 ;
j12052_3.sm ; 7300175 ; 37 ; 139 ; 3700139 ; 3120.888 ; j12052_3.sol ; 1700 ; 1000 ; 5000 ; 10000 ; 0.25 ;
j12052_4.sm ; 14000253 ; 62 ; 175 ; 6200175 ; 4351.550 ; j12052_4.sol ; 1700 ; 1000 ; 5000 ; 10000 ; 0.25 ;
j12052_5.sm ; 13400247 ; 64 ; 177 ; 6400177 ; 4681.288 ; j12052_5.sol ; 1700 ; 1000 ; 5000 ; 10000 ; 0.25 ;
j12052_6.sm ; 16700285 ; 87 ; 205 ; 8700205 ; 8142.380 ; j12052_6.sol ; 1700 ; 1000 ; 5000 ; 10000 ; 0.25 ;
j12052_7.sm ; 10600201 ; 59 ; 154 ; 5900154 ; 3252.500 ; j12052_7.sol ; 1700 ; 1000 ; 5000 ; 10000 ; 0.25 ;
j12052_8.sm ; 11100225 ; 49 ; 163 ; 4900163 ; 3973.455 ; j12052_8.sol ; 1700 ; 1000 ; 5000 ; 10000 ; 0.25 ;
j12052_9.sm ; 12000208 ; 67 ; 155 ; 6700155 ; 3803.957 ; j12052_9.sol ; 1700 ; 1000 ; 5000 ; 10000 ; 0.25 ;
j12052_10.sm ; 11200203 ; 60 ; 151 ; 6000151 ; 5272.154 ; j12052_10.sol ; 1700 ; 1000 ; 5000 ; 10000 ; 0.25 ;
j12053_1.sm ; 7300196 ; 27 ; 150 ; 2700150 ; 2997.537 ; j12053_1.sol ; 1700 ; 1000 ; 5000 ; 10000 ; 0.25 ;
j12053_2.sm ; 5100159 ; 11 ; 119 ; 1100119 ; 2752.725 ; j12053_2.sol ; 1700 ; 1000 ; 5000 ; 10000 ; 0.25 ;
j12053_3.sm ; 4600149 ; 13 ; 116 ; 1300116 ; 2755.575 ; j12053_3.sol ; 1700 ; 1000 ; 5000 ; 10000 ; 0.25 ;
j12053_4.sm ; 8100198 ; 32 ; 149 ; 3200149 ; 3014.586 ; j12053_4.sol ; 1700 ; 1000 ; 5000 ; 10000 ; 0.25 ;
j12053_5.sm ; 7000166 ; 21 ; 117 ; 2100117 ; 2932.557 ; j12053_5.sol ; 1700 ; 1000 ; 5000 ; 10000 ; 0.25 ;
j12053_6.sm ; 8100160 ; 30 ; 109 ; 3000109 ; 2933.735 ; j12053_6.sol ; 1700 ; 1000 ; 5000 ; 10000 ; 0.25 ;
j12053_7.sm ; 6100177 ; 6 ; 122 ; 600122 ; 2760.848 ; j12053_7.sol ; 1700 ; 1000 ; 5000 ; 10000 ; 0.25 ;
j12053_8.sm ; 8100184 ; 41 ; 144 ; 4100144 ; 3128.620 ; j12053_8.sol ; 1700 ; 1000 ; 5000 ; 10000 ; 0.25 ;
j12053_9.sm ; 12400254 ; 42 ; 172 ; 4200172 ; 3676.005 ; j12053_9.sol ; 1700 ; 1000 ; 5000 ; 10000 ; 0.25 ;
j12053_10.sm ; 7600187 ; 25 ; 136 ; 2500136 ; 3086.151 ; j12053_10.sol ; 1700 ; 1000 ; 5000 ; 10000 ; 0.25 ;
j12054_1.sm ; 4300141 ; 10 ; 108 ; 1000108 ; 2744.278 ; j12054_1.sol ; 1700 ; 1000 ; 5000 ; 10000 ; 0.25 ;
j12054_5.sm ; 6200154 ; 20 ; 112 ; 2000112 ; 2936.107 ; j12054_5.sol ; 1700 ; 1000 ; 5000 ; 10000 ; 0.25 ;
j12054_6.sm ; 5400154 ; 13 ; 113 ; 1300113 ; 2754.782 ; j12054_6.sol ; 1700 ; 1000 ; 5000 ; 10000 ; 0.25 ;
j12054_7.sm ; 4600144 ; 18 ; 116 ; 1800116 ; 2764.145 ; j12054_7.sol ; 1700 ; 1000 ; 5000 ; 10000 ; 0.25 ;
j12054_8.sm ; 3700126 ; 17 ; 106 ; 1700106 ; 2814.689 ; j12054_8.sol ; 1700 ; 1000 ; 5000 ; 10000 ; 0.25 ;
j12054_9.sm ; 5400149 ; 18 ; 113 ; 1800113 ; 2815.433 ; j12054_9.sol ; 1700 ; 1000 ; 5000 ; 10000 ; 0.25 ;
j12054_10.sm ; 4100141 ; 11 ; 111 ; 1100111 ; 2766.535 ; j12054_10.sol ; 1700 ; 1000 ; 5000 ; 10000 ; 0.25 ;
j12055_1.sm ; 2700126 ; 4 ; 103 ; 400103 ; 2714.600 ; j12055_1.sol ; 1700 ; 1000 ; 5000 ; 10000 ; 0.25 ;
j12055_6.sm ; 4100139 ; 5 ; 103 ; 500103 ; 2723.553 ; j12055_6.sol ; 1700 ; 1000 ; 5000 ; 10000 ; 0.25 ;
j12056_1.sm ; 23500330 ; 150 ; 245 ; 15000245 ; 26262.888 ; j12056_1.sol ; 1700 ; 1000 ; 5000 ; 10000 ; 0.25 ;
j12056_2.sm ; 19300280 ; 129 ; 216 ; 12900216 ; 15444.202 ; j12056_2.sol ; 1700 ; 1000 ; 5000 ; 10000 ; 0.25 ;
j12056_3.sm ; 23500328 ; 157 ; 250 ; 15700250 ; 18345.535 ; j12056_3.sol ; 1700 ; 1000 ; 5000 ; 10000 ; 0.25 ;
j12056_4.sm ; 22000306 ; 148 ; 234 ; 14800234 ; 19670.291 ; j12056_4.sol ; 1700 ; 1000 ; 5000 ; 10000 ; 0.25 ;
j12056_6.sm ; 22000315 ; 129 ; 224 ; 12900224 ; 17472.212 ; j12056_6.sol ; 1700 ; 1000 ; 5000 ; 10000 ; 0.25 ;
j12056_9.sm ; 29200393 ; 198 ; 299 ; 19800299 ; 51239.757 ; j12056_9.sol ; 1700 ; 1000 ; 5000 ; 10000 ; 0.25 ;
j12056_10.sm ; 24600348 ; 170 ; 272 ; 17000272 ; 37082.108 ; j12056_10.sol ; 1700 ; 1000 ; 5000 ; 10000 ; 0.25 ;
j12057_1.sm ; 11700231 ; 79 ; 193 ; 7900193 ; 10380.666 ; j12057_1.sol ; 1700 ; 1000 ; 5000 ; 10000 ; 0.25 ;
j12057_2.sm ; 10800212 ; 64 ; 168 ; 6400168 ; 5036.221 ; j12057_2.sol ; 1700 ; 1000 ; 5000 ; 10000 ; 0.25 ;
j12057_3.sm ; 13600251 ; 78 ; 193 ; 7800193 ; 5341.978 ; j12057_3.sol ; 1700 ; 1000 ; 5000 ; 10000 ; 0.25 ;
j12057_4.sm ; 13600256 ; 87 ; 207 ; 8700207 ; 4274.361 ; j12057_4.sol ; 1700 ; 1000 ; 5000 ; 10000 ; 0.25 ;
j12057_5.sm ; 14300239 ; 92 ; 188 ; 9200188 ; 6139.496 ; j12057_5.sol ; 1700 ; 1000 ; 5000 ; 10000 ; 0.25 ;
j12057_6.sm ; 15600255 ; 100 ; 199 ; 10000199 ; 11429.328 ; j12057_6.sol ; 1700 ; 1000 ; 5000 ; 10000 ; 0.25 ;
j12057_7.sm ; 10600221 ; 60 ; 175 ; 6000175 ; 3476.636 ; j12057_7.sol ; 1700 ; 1000 ; 5000 ; 10000 ; 0.25 ;
j12057_8.sm ; 12500211 ; 84 ; 170 ; 8400170 ; 4888.258 ; j12057_8.sol ; 1700 ; 1000 ; 5000 ; 10000 ; 0.25 ;
j12057_9.sm ; 12100229 ; 67 ; 175 ; 6700175 ; 6081.224 ; j12057_9.sol ; 1700 ; 1000 ; 5000 ; 10000 ; 0.25 ;
j12057_10.sm ; 11100232 ; 52 ; 173 ; 5200173 ; 3348.524 ; j12057_10.sol ; 1700 ; 1000 ; 5000 ; 10000 ; 0.25 ;
j12058_1.sm ; 6600187 ; 26 ; 147 ; 2600147 ; 3046.860 ; j12058_1.sol ; 1700 ; 1000 ; 5000 ; 10000 ; 0.25 ;
j12058_2.sm ; 7500181 ; 26 ; 132 ; 2600132 ; 2981.125 ; j12058_2.sol ; 1700 ; 1000 ; 5000 ; 10000 ; 0.25 ;
j12058_3.sm ; 5700148 ; 36 ; 127 ; 3600127 ; 3037.536 ; j12058_3.sol ; 1700 ; 1000 ; 5000 ; 10000 ; 0.25 ;
j12058_4.sm ; 8100179 ; 54 ; 152 ; 5400152 ; 4266.846 ; j12058_4.sol ; 1700 ; 1000 ; 5000 ; 10000 ; 0.25 ;
j12058_6.sm ; 8500188 ; 43 ; 146 ; 4300146 ; 3310.878 ; j12058_6.sol ; 1700 ; 1000 ; 5000 ; 10000 ; 0.25 ;
j12058_7.sm ; 9200206 ; 40 ; 154 ; 4000154 ; 3085.126 ; j12058_7.sol ; 1700 ; 1000 ; 5000 ; 10000 ; 0.25 ;
j12058_8.sm ; 8400183 ; 41 ; 140 ; 4100140 ; 3755.463 ; j12058_8.sol ; 1700 ; 1000 ; 5000 ; 10000 ; 0.25 ;
j12058_9.sm ; 8200174 ; 44 ; 136 ; 4400136 ; 3265.614 ; j12058_9.sol ; 1700 ; 1000 ; 5000 ; 10000 ; 0.25 ;
j12058_10.sm ; 7300171 ; 40 ; 138 ; 4000138 ; 3036.973 ; j12058_10.sol ; 1700 ; 1000 ; 5000 ; 10000 ; 0.25 ;
j12059_1.sm ; 3900141 ; 15 ; 117 ; 1500117 ; 2758.657 ; j12059_1.sol ; 1700 ; 1000 ; 5000 ; 10000 ; 0.25 ;
j12059_2.sm ; 5200142 ; 21 ; 111 ; 2100111 ; 2813.208 ; j12059_2.sol ; 1700 ; 1000 ; 5000 ; 10000 ; 0.25 ;
j12059_4.sm ; 3400141 ; 6 ; 113 ; 600113 ; 2729.904 ; j12059_4.sol ; 1700 ; 1000 ; 5000 ; 10000 ; 0.25 ;
j12059_5.sm ; 5500152 ; 12 ; 109 ; 1200109 ; 2800.640 ; j12059_5.sol ; 1700 ; 1000 ; 5000 ; 10000 ; 0.25 ;
j12059_6.sm ; 4100144 ; 17 ; 120 ; 1700120 ; 2828.969 ; j12059_6.sol ; 1700 ; 1000 ; 5000 ; 10000 ; 0.25 ;
j12059_7.sm ; 4800138 ; 27 ; 117 ; 2700117 ; 2897.086 ; j12059_7.sol ; 1700 ; 1000 ; 5000 ; 10000 ; 0.25 ;
j12059_8.sm ; 4300141 ; 17 ; 115 ; 1700115 ; 2782.247 ; j12059_8.sol ; 1700 ; 1000 ; 5000 ; 10000 ; 0.25 ;
j12059_9.sm ; 4400156 ; 12 ; 124 ; 1200124 ; 2824.325 ; j12059_9.sol ; 1700 ; 1000 ; 5000 ; 10000 ; 0.25 ;
j12059_10.sm ; 5200158 ; 31 ; 137 ; 3100137 ; 2972.014 ; j12059_10.sol ; 1700 ; 1000 ; 5000 ; 10000 ; 0.25 ;
j12060_2.sm ; 3000111 ; 4 ; 85 ; 400085 ; 2719.862 ; j12060_2.sol ; 1700 ; 1000 ; 5000 ; 10000 ; 0.25 ;
j12060_3.sm ; 3200113 ; 12 ; 93 ; 1200093 ; 2785.959 ; j12060_3.sol ; 1700 ; 1000 ; 5000 ; 10000 ; 0.25 ;
j12060_4.sm ; 3200133 ; 6 ; 107 ; 600107 ; 2739.584 ; j12060_4.sol ; 1700 ; 1000 ; 5000 ; 10000 ; 0.25 ;
j12060_5.sm ; 4300139 ; 13 ; 109 ; 1300109 ; 2849.854 ; j12060_5.sol ; 1700 ; 1000 ; 5000 ; 10000 ; 0.25 ;
j12060_7.sm ; 4700131 ; 14 ; 98 ; 1400098 ; 2738.353 ; j12060_7.sol ; 1700 ; 1000 ; 5000 ; 10000 ; 0.25 ;
j12060_10.sm ; 2200107 ; 7 ; 92 ; 700092 ; 2721.994 ; j12060_10.sol ; 1700 ; 1000 ; 5000 ; 10000 ; 0.25 ;
