j1201_1.sm ; 3637.460 ; 6 ; 954 ; 5588 ; 8590 ; 2425 ; 70 ; 0.198922 ; 0.0331537 ; 1 ; 0.167 ; 1 ; 0.5 ; 0.2 ; 0 ; 1 ; 1 ; 1 ; 1 ; 1 ;
j1206_1.sm ; 4980.736 ; 69 ; 20 ; 11106 ; 11261 ; 361 ; 10 ; 20.1896 ; 0.292603 ; 21 ; 0.304 ; 1 ; 0.5 ; 0.2 ; 0 ; 1 ; 1 ; 1 ; 1 ; 1 ;
j1206_2.sm ; 4039.153 ; 63 ; 18 ; 9840 ; 9981 ; 1322 ; 10 ; 18.7752 ; 0.298019 ; 19 ; 0.302 ; 1 ; 0.5 ; 0.2 ; 0 ; 1 ; 1 ; 1 ; 1 ; 1 ;
j1206_4.sm ; 3871.322 ; 56 ; 57 ; 9235 ; 9303 ; 1501 ; 9 ; 5.97255 ; 0.106653 ; 6 ; 0.107 ; 1 ; 0.5 ; 0.2 ; 0 ; 1 ; 1 ; 1 ; 1 ; 1 ;
j1206_5.sm ; 4183.653 ; 53 ; 14 ; 10561 ; 11940 ; 828 ; 10 ; 18.9267 ; 0.357108 ; 19 ; 0.358 ; 1 ; 0.5 ; 0.2 ; 0 ; 1 ; 1 ; 1 ; 1 ; 1 ;
j1206_6.sm ; 5110.280 ; 84 ; 11 ; 10716 ; 10732 ; 621 ; 9 ; 24.193 ; 0.288011 ; 25 ; 0.298 ; 1 ; 0.5 ; 0.2 ; 0 ; 1 ; 1 ; 1 ; 1 ; 1 ;
j1206_7.sm ; 4931.428 ; 56 ; 67 ; 10231 ; 10351 ; 957 ; 9 ; 3.26702 ; 0.0583396 ; 4 ; 0.071 ; 1 ; 0.5 ; 0.2 ; 0 ; 1 ; 1 ; 1 ; 1 ; 1 ;
j1206_8.sm ; 3642.652 ; 44 ; 45 ; 9477 ; 9527 ; 762 ; 9 ; 5.09172 ; 0.115721 ; 6 ; 0.136 ; 1 ; 0.5 ; 0.2 ; 0 ; 1 ; 1 ; 1 ; 1 ; 1 ;
j1206_9.sm ; 6005.395 ; 74 ; 16 ; 11796 ; 11953 ; 513 ; 9 ; 24.7069 ; 0.333877 ; 25 ; 0.338 ; 1 ; 0.5 ; 0.2 ; 0 ; 1 ; 1 ; 1 ; 1 ; 1 ;
j1206_10.sm ; 5114.882 ; 79 ; 9 ; 10706 ; 10771 ; 72 ; 10 ; 18.7444 ; 0.237271 ; 19 ; 0.241 ; 1 ; 0.5 ; 0.2 ; 0 ; 1 ; 1 ; 1 ; 1 ; 1 ;
j1207_1.sm ; 4111.102 ; 26 ; 6 ; 6538 ; 21485 ; 648 ; 21 ; 10.3419 ; 0.397766 ; 11 ; 0.423 ; 1 ; 0.5 ; 0.2 ; 0 ; 1 ; 1 ; 1 ; 1 ; 1 ;
j1207_2.sm ; 1687.106 ; 16 ; 15 ; 4622 ; 12639 ; 207 ; 16 ; 2.43574 ; 0.152234 ; 3 ; 0.188 ; 1 ; 0.5 ; 0.2 ; 0 ; 1 ; 1 ; 1 ; 1 ; 1 ;
j1207_3.sm ; 630.203 ; 10 ; 12 ; 3419 ; 6268 ; 37 ; 19 ; 0.242185 ; 0.0242185 ; 1 ; 0.100 ; 1 ; 0.5 ; 0.2 ; 0 ; 1 ; 1 ; 1 ; 1 ; 1 ;
j1207_4.sm ; 3863.701 ; 27 ; 8 ; 7591 ; 18060 ; 253 ; 13 ; 8.23347 ; 0.304943 ; 9 ; 0.333 ; 1 ; 0.5 ; 0.2 ; 0 ; 1 ; 1 ; 1 ; 1 ; 1 ;
j1207_5.sm ; 3996.085 ; 44 ; 19 ; 11009 ; 11692 ; 145 ; 10 ; 11.6068 ; 0.26379 ; 12 ; 0.273 ; 1 ; 0.5 ; 0.2 ; 0 ; 1 ; 1 ; 1 ; 1 ; 1 ;
j1207_6.sm ; 4391.361 ; 28 ; 29 ; 7282 ; 18941 ; 202 ; 11 ; 5.6643 ; 0.202296 ; 6 ; 0.214 ; 1 ; 0.5 ; 0.2 ; 0 ; 1 ; 1 ; 1 ; 1 ; 1 ;
j1207_7.sm ; 3800.896 ; 25 ; 5 ; 6897 ; 17883 ; 129 ; 12 ; 8.97831 ; 0.359132 ; 9 ; 0.360 ; 1 ; 0.5 ; 0.2 ; 0 ; 1 ; 1 ; 1 ; 1 ; 1 ;
j1207_8.sm ; 2968.582 ; 32 ; 3 ; 7469 ; 15103 ; 239 ; 25 ; 12.7888 ; 0.39965 ; 13 ; 0.406 ; 1 ; 0.5 ; 0.2 ; 0 ; 1 ; 1 ; 1 ; 1 ; 1 ;
j1207_9.sm ; 2184.500 ; 10 ; 4 ; 4231 ; 15683 ; 68 ; 59 ; 2.07067 ; 0.207067 ; 3 ; 0.300 ; 1 ; 0.5 ; 0.2 ; 0 ; 1 ; 1 ; 1 ; 1 ; 1 ;
j1207_10.sm ; 4110.678 ; 34 ; 14 ; 9367 ; 15258 ; 291 ; 10 ; 8.7209 ; 0.256497 ; 9 ; 0.265 ; 1 ; 0.5 ; 0.2 ; 0 ; 1 ; 1 ; 1 ; 1 ; 1 ;
j1208_2.sm ; 778.402 ; 13 ; 3 ; 3617 ; 6951 ; 159 ; 20 ; 2.34056 ; 0.180043 ; 3 ; 0.231 ; 1 ; 0.5 ; 0.2 ; 0 ; 1 ; 1 ; 1 ; 1 ; 1 ;
j1208_3.sm ; 2353.702 ; 8 ; 5 ; 3204 ; 10309 ; 337 ; 69 ; 0 ; 0 ; 0 ; 0.000 ; 1 ; 0.5 ; 0.2 ; 0 ; 1 ; 1 ; 1 ; 1 ; 1 ;
j1208_4.sm ; 3613.691 ; 5 ; 38 ; 3418 ; 18611 ; 112 ; 99 ; 0 ; 0 ; 0 ; 0.000 ; 1 ; 0.5 ; 0.2 ; 0 ; 1 ; 1 ; 1 ; 1 ; 1 ;
j1208_5.sm ; 3666.123 ; 13 ; 5 ; 4791 ; 20771 ; 235 ; 41 ; 2.84536 ; 0.218874 ; 3 ; 0.231 ; 1 ; 0.5 ; 0.2 ; 0 ; 1 ; 1 ; 1 ; 1 ; 1 ;
j1208_6.sm ; 3617.269 ; 3 ; 189 ; 3836 ; 18173 ; 82 ; 254 ; 0 ; 0 ; 0 ; 0.000 ; 1 ; 0.5 ; 0.2 ; 0 ; 1 ; 1 ; 1 ; 1 ; 1 ;
j1208_9.sm ; 4104.808 ; 11 ; 0 ; 3862 ; 27010 ; 7 ; 22 ; 0 ; 0 ; 0 ; 0.000 ; 1 ; 0.5 ; 0.2 ; 0 ; 1 ; 1 ; 1 ; 1 ; 1 ;
j1208_10.sm ; 1356.262 ; 10 ; 7 ; 3182 ; 13393 ; 30 ; 66 ; 3.35889 ; 0.335889 ; 4 ; 0.400 ; 1 ; 0.5 ; 0.2 ; 0 ; 1 ; 1 ; 1 ; 1 ; 1 ;
j1209_4.sm ; 1149.773 ; 7 ; 7 ; 2177 ; 8453 ; 94 ; 59 ; 0.602569 ; 0.0860813 ; 1 ; 0.143 ; 1 ; 0.5 ; 0.2 ; 0 ; 1 ; 1 ; 1 ; 1 ; 1 ;
j12011_1.sm ; 5514.480 ; 83 ; 7 ; 10600 ; 10561 ; 279 ; 9 ; 17.4315 ; 0.210018 ; 18 ; 0.217 ; 1 ; 0.5 ; 0.2 ; 0 ; 1 ; 1 ; 1 ; 1 ; 1 ;
j12011_2.sm ; 5529.393 ; 80 ; 10 ; 10903 ; 11029 ; 299 ; 10 ; 23.2379 ; 0.290474 ; 24 ; 0.300 ; 1 ; 0.5 ; 0.2 ; 0 ; 1 ; 1 ; 1 ; 1 ; 1 ;
j12011_3.sm ; 4593.093 ; 110 ; 7 ; 8916 ; 8895 ; 172 ; 9 ; 39.3781 ; 0.357983 ; 40 ; 0.364 ; 1 ; 0.5 ; 0.2 ; 0 ; 1 ; 1 ; 1 ; 1 ; 1 ;
j12011_4.sm ; 4215.654 ; 100 ; 6 ; 8691 ; 8657 ; 314 ; 8 ; 26.1635 ; 0.261635 ; 27 ; 0.270 ; 1 ; 0.5 ; 0.2 ; 0 ; 1 ; 1 ; 1 ; 1 ; 1 ;
j12011_5.sm ; 5440.225 ; 114 ; 8 ; 9233 ; 9288 ; 289 ; 9 ; 31.147 ; 0.273219 ; 32 ; 0.281 ; 1 ; 0.5 ; 0.2 ; 0 ; 1 ; 1 ; 1 ; 1 ; 1 ;
j12011_6.sm ; 4953.855 ; 121 ; 8 ; 8922 ; 9024 ; 309 ; 9 ; 42.6894 ; 0.352805 ; 43 ; 0.355 ; 1 ; 0.5 ; 0.2 ; 0 ; 1 ; 1 ; 1 ; 1 ; 1 ;
j12011_7.sm ; 4119.418 ; 81 ; 7 ; 9279 ; 9301 ; 225 ; 9 ; 23.3905 ; 0.288771 ; 24 ; 0.296 ; 1 ; 0.5 ; 0.2 ; 0 ; 1 ; 1 ; 1 ; 1 ; 1 ;
j12011_8.sm ; 3990.955 ; 67 ; 12 ; 9297 ; 9343 ; 236 ; 9 ; 13.5743 ; 0.202602 ; 14 ; 0.209 ; 1 ; 0.5 ; 0.2 ; 0 ; 1 ; 1 ; 1 ; 1 ; 1 ;
j12011_9.sm ; 5991.039 ; 97 ; 2 ; 11029 ; 11070 ; 39 ; 9 ; 37.5726 ; 0.387346 ; 38 ; 0.392 ; 1 ; 0.5 ; 0.2 ; 0 ; 1 ; 1 ; 1 ; 1 ; 1 ;
j12011_10.sm ; 4861.983 ; 91 ; 3 ; 9764 ; 9836 ; 93 ; 9 ; 26.6498 ; 0.292855 ; 27 ; 0.297 ; 1 ; 0.5 ; 0.2 ; 0 ; 1 ; 1 ; 1 ; 1 ; 1 ;
j12012_1.sm ; 5176.253 ; 44 ; 5 ; 10976 ; 13405 ; 102 ; 9 ; 7.92891 ; 0.180202 ; 8 ; 0.182 ; 1 ; 0.5 ; 0.2 ; 0 ; 1 ; 1 ; 1 ; 1 ; 1 ;
j12012_2.sm ; 4290.413 ; 45 ; 2 ; 10760 ; 14063 ; 52 ; 10 ; 16.8976 ; 0.375502 ; 17 ; 0.378 ; 1 ; 0.5 ; 0.2 ; 0 ; 1 ; 1 ; 1 ; 1 ; 1 ;
j12012_3.sm ; 4308.637 ; 52 ; 4 ; 10698 ; 11840 ; 6 ; 10 ; 18.7 ; 0.359615 ; 19 ; 0.365 ; 1 ; 0.5 ; 0.2 ; 0 ; 1 ; 1 ; 1 ; 1 ; 1 ;
j12012_4.sm ; 4206.780 ; 31 ; 4 ; 10678 ; 13779 ; 15 ; 10 ; 8.68896 ; 0.280289 ; 9 ; 0.290 ; 1 ; 0.5 ; 0.2 ; 0 ; 1 ; 1 ; 1 ; 1 ; 1 ;
j12012_5.sm ; 4444.761 ; 64 ; 3 ; 10647 ; 10787 ; 20 ; 9 ; 20.9956 ; 0.328056 ; 21 ; 0.328 ; 1 ; 0.5 ; 0.2 ; 0 ; 1 ; 1 ; 1 ; 1 ; 1 ;
j12012_6.sm ; 4925.438 ; 39 ; 3 ; 11809 ; 13881 ; 23 ; 10 ; 11.0316 ; 0.282861 ; 12 ; 0.308 ; 1 ; 0.5 ; 0.2 ; 0 ; 1 ; 1 ; 1 ; 1 ; 1 ;
j12012_7.sm ; 3846.373 ; 37 ; 0 ; 10595 ; 13598 ; 1 ; 11 ; 13.646 ; 0.36881 ; 14 ; 0.378 ; 1 ; 0.5 ; 0.2 ; 0 ; 1 ; 1 ; 1 ; 1 ; 1 ;
j12012_8.sm ; 4492.728 ; 47 ; 0 ; 11055 ; 14049 ; 5 ; 10 ; 17.8776 ; 0.380375 ; 18 ; 0.383 ; 1 ; 0.5 ; 0.2 ; 0 ; 1 ; 1 ; 1 ; 1 ; 1 ;
j12012_9.sm ; 3609.577 ; 28 ; 0 ; 8648 ; 15485 ; 7 ; 29 ; 11.102 ; 0.396501 ; 12 ; 0.429 ; 1 ; 0.5 ; 0.2 ; 0 ; 1 ; 1 ; 1 ; 1 ; 1 ;
j12012_10.sm ; 4822.827 ; 59 ; 0 ; 11024 ; 11904 ; 16 ; 10 ; 26.809 ; 0.45439 ; 27 ; 0.458 ; 1 ; 0.5 ; 0.2 ; 0 ; 1 ; 1 ; 1 ; 1 ; 1 ;
j12013_1.sm ; 3651.964 ; 6 ; 17 ; 6205 ; 15591 ; 12 ; 38 ; 0 ; 0 ; 0 ; 0.000 ; 1 ; 0.5 ; 0.2 ; 0 ; 1 ; 1 ; 1 ; 1 ; 1 ;
j12013_2.sm ; 3607.438 ; 17 ; 0 ; 4054 ; 25482 ; 0 ; 121 ; 9.17781 ; 0.539871 ; 10 ; 0.588 ; 1 ; 0.5 ; 0.2 ; 0 ; 1 ; 1 ; 1 ; 1 ; 1 ;
j12013_3.sm ; 3075.443 ; 12 ; 8 ; 5775 ; 16513 ; 10 ; 77 ; 4.02985 ; 0.335821 ; 5 ; 0.417 ; 1 ; 0.5 ; 0.2 ; 0 ; 1 ; 1 ; 1 ; 1 ; 1 ;
j12013_4.sm ; 2316.624 ; 24 ; 0 ; 5592 ; 14305 ; 1 ; 30 ; 10.0676 ; 0.419482 ; 11 ; 0.458 ; 1 ; 0.5 ; 0.2 ; 0 ; 1 ; 1 ; 1 ; 1 ; 1 ;
j12013_5.sm ; 704.006 ; 12 ; 0 ; 2958 ; 10298 ; 0 ; 30 ; 4.71017 ; 0.392515 ; 5 ; 0.417 ; 1 ; 0.5 ; 0.2 ; 0 ; 1 ; 1 ; 1 ; 1 ; 1 ;
j12013_6.sm ; 848.367 ; 13 ; 0 ; 4106 ; 8856 ; 2 ; 24 ; 4.88931 ; 0.376101 ; 5 ; 0.385 ; 1 ; 0.5 ; 0.2 ; 0 ; 1 ; 1 ; 1 ; 1 ; 1 ;
j12013_7.sm ; 3719.139 ; 4 ; 13 ; 6041 ; 18077 ; 28 ; 31 ; 0 ; 0 ; 0 ; 0.000 ; 1 ; 0.5 ; 0.2 ; 0 ; 1 ; 1 ; 1 ; 1 ; 1 ;
j12013_8.sm ; 3397.475 ; 7 ; 1070878428 ; 1067479183 ; 1070553777 ; 1077087480 ; 243 ; 0.0957842 ; 0.0136835 ; 1 ; 0.143 ; 1 ; 0.5 ; 0.2 ; 0 ; 1 ; 1 ; 1 ; 1 ; 1 ;
j12013_9.sm ; 1553.197 ; 8 ; 3 ; 3663 ; 15171 ; 2 ; 47 ; 2.11428 ; 0.264285 ; 3 ; 0.375 ; 1 ; 0.5 ; 0.2 ; 0 ; 1 ; 1 ; 1 ; 1 ; 1 ;
j12013_10.sm ; 943.127 ; 14 ; 0 ; 3791 ; 9620 ; 0 ; 24 ; 2.61977 ; 0.187127 ; 3 ; 0.214 ; 1 ; 0.5 ; 0.2 ; 0 ; 1 ; 1 ; 1 ; 1 ; 1 ;
j12014_1.sm ; 859.275 ; 4 ; 230686722 ; -1962931245 ; 83893376 ; 0 ; 216 ; 0.861191 ; 0.215298 ; 1 ; 0.250 ; 1 ; 0.5 ; 0.2 ; 0 ; 1 ; 1 ; 1 ; 1 ; 1 ;
j12014_2.sm ; 835.712 ; 7 ; 1 ; 2218 ; 12287 ; 0 ; 52 ; 1.57434 ; 0.224905 ; 2 ; 0.286 ; 1 ; 0.5 ; 0.2 ; 0 ; 1 ; 1 ; 1 ; 1 ; 1 ;
j12014_4.sm ; 3621.510 ; 3 ; 4 ; 4993 ; 20963 ; 10 ; 300 ; 3.98E-13 ; 1.33E-13 ; 1 ; 0.333 ; 1 ; 0.5 ; 0.2 ; 0 ; 1 ; 1 ; 1 ; 1 ; 1 ;
j12014_5.sm ; 1541.468 ; 7 ; 1 ; 4149 ; 12363 ; 0 ; 101 ; 0 ; 0 ; 0 ; 0.000 ; 1 ; 0.5 ; 0.2 ; 0 ; 1 ; 1 ; 1 ; 1 ; 1 ;
j12014_7.sm ; 3602.290 ; 2 ; 66 ; 7454 ; 18544 ; 3 ; 480 ; 0 ; 0 ; 0 ; 0.000 ; 1 ; 0.5 ; 0.2 ; 0 ; 1 ; 1 ; 1 ; 1 ; 1 ;
j12014_8.sm ; 972.749 ; 11 ; 1 ; 3422 ; 9552 ; 10 ; 40 ; 2.19506 ; 0.199551 ; 3 ; 0.273 ; 1 ; 0.5 ; 0.2 ; 0 ; 1 ; 1 ; 1 ; 1 ; 1 ;
j12014_10.sm ; 3599.645 ; 1 ; 31 ; 6666 ; 23313 ; 20 ; 656 ; 0 ; 0 ; 0 ; 0.000 ; 1 ; 0.5 ; 0.2 ; 0 ; 1 ; 1 ; 1 ; 1 ; 1 ;
j12016_1.sm ; 4229.984 ; 125 ; 0 ; 8161 ; 8220 ; 14 ; 8 ; 47.1952 ; 0.377562 ; 48 ; 0.384 ; 1 ; 0.5 ; 0.2 ; 0 ; 1 ; 1 ; 1 ; 1 ; 1 ;
j12016_2.sm ; 3625.414 ; 147 ; 6 ; 7083 ; 7064 ; 341 ; 7 ; 60.508 ; 0.411619 ; 61 ; 0.415 ; 1 ; 0.5 ; 0.2 ; 0 ; 1 ; 1 ; 1 ; 1 ; 1 ;
j12016_3.sm ; 4413.620 ; 137 ; 0 ; 7776 ; 7757 ; 196 ; 7 ; 49.6358 ; 0.362305 ; 50 ; 0.365 ; 1 ; 0.5 ; 0.2 ; 0 ; 1 ; 1 ; 1 ; 1 ; 1 ;
j12016_4.sm ; 5401.745 ; 120 ; 0 ; 9618 ; 9611 ; 33 ; 9 ; 47.2898 ; 0.394082 ; 48 ; 0.400 ; 1 ; 0.5 ; 0.2 ; 0 ; 1 ; 1 ; 1 ; 1 ; 1 ;
j12016_5.sm ; 3928.888 ; 108 ; 3 ; 8464 ; 8474 ; 10 ; 8 ; 42.0619 ; 0.389462 ; 43 ; 0.398 ; 1 ; 0.5 ; 0.2 ; 0 ; 1 ; 1 ; 1 ; 1 ; 1 ;
j12016_6.sm ; 4899.786 ; 127 ; 2 ; 8906 ; 8902 ; 40 ; 8 ; 50.9187 ; 0.400935 ; 51 ; 0.402 ; 1 ; 0.5 ; 0.2 ; 0 ; 1 ; 1 ; 1 ; 1 ; 1 ;
j12016_7.sm ; 3615.099 ; 96 ; 0 ; 8089 ; 8076 ; 0 ; 8 ; 29.0977 ; 0.303101 ; 30 ; 0.313 ; 1 ; 0.5 ; 0.2 ; 0 ; 1 ; 1 ; 1 ; 1 ; 1 ;
j12016_8.sm ; 5468.282 ; 118 ; 4 ; 9476 ; 9474 ; 105 ; 9 ; 42.2791 ; 0.358297 ; 43 ; 0.364 ; 1 ; 0.5 ; 0.2 ; 0 ; 1 ; 1 ; 1 ; 1 ; 1 ;
j12016_9.sm ; 4456.244 ; 117 ; 2 ; 8253 ; 8360 ; 199 ; 8 ; 34.3181 ; 0.293317 ; 35 ; 0.299 ; 1 ; 0.5 ; 0.2 ; 0 ; 1 ; 1 ; 1 ; 1 ; 1 ;
j12016_10.sm ; 5646.002 ; 115 ; 0 ; 9694 ; 9730 ; 43 ; 9 ; 42.3319 ; 0.368103 ; 43 ; 0.374 ; 1 ; 0.5 ; 0.2 ; 0 ; 1 ; 1 ; 1 ; 1 ; 1 ;
j12017_1.sm ; 4303.094 ; 53 ; 0 ; 11002 ; 11040 ; 2 ; 9 ; 17.0567 ; 0.321824 ; 18 ; 0.340 ; 1 ; 0.5 ; 0.2 ; 0 ; 1 ; 1 ; 1 ; 1 ; 1 ;
j12017_2.sm ; 3653.160 ; 49 ; 0 ; 9981 ; 11708 ; 8 ; 9 ; 21.3468 ; 0.435649 ; 22 ; 0.449 ; 1 ; 0.5 ; 0.2 ; 0 ; 1 ; 1 ; 1 ; 1 ; 1 ;
j12017_3.sm ; 3678.793 ; 36 ; 0 ; 10305 ; 13475 ; 0 ; 10 ; 13.4112 ; 0.372533 ; 14 ; 0.389 ; 1 ; 0.5 ; 0.2 ; 0 ; 1 ; 1 ; 1 ; 1 ; 1 ;
j12017_4.sm ; 4389.548 ; 29 ; 0 ; 8191 ; 17616 ; 5 ; 13 ; 12.469 ; 0.429967 ; 13 ; 0.448 ; 1 ; 0.5 ; 0.2 ; 0 ; 1 ; 1 ; 1 ; 1 ; 1 ;
j12017_5.sm ; 4075.003 ; 39 ; 0 ; 11059 ; 11845 ; 8 ; 9 ; 14.7755 ; 0.378859 ; 15 ; 0.385 ; 1 ; 0.5 ; 0.2 ; 0 ; 1 ; 1 ; 1 ; 1 ; 1 ;
j12017_6.sm ; 4811.762 ; 68 ; 0 ; 11458 ; 11558 ; 1 ; 9 ; 28.2324 ; 0.415183 ; 29 ; 0.426 ; 1 ; 0.5 ; 0.2 ; 0 ; 1 ; 1 ; 1 ; 1 ; 1 ;
j12017_7.sm ; 4298.312 ; 48 ; 0 ; 10814 ; 11247 ; 0 ; 9 ; 10.2318 ; 0.213163 ; 11 ; 0.229 ; 1 ; 0.5 ; 0.2 ; 0 ; 1 ; 1 ; 1 ; 1 ; 1 ;
j12017_8.sm ; 3694.611 ; 54 ; 5 ; 8686 ; 12939 ; 1 ; 13 ; 39.9808 ; 0.740385 ; 40 ; 0.741 ; 1 ; 0.5 ; 0.2 ; 0 ; 1 ; 1 ; 1 ; 1 ; 1 ;
j12017_9.sm ; 4385.054 ; 53 ; 0 ; 11314 ; 11313 ; 14 ; 9 ; 17.576 ; 0.331623 ; 18 ; 0.340 ; 1 ; 0.5 ; 0.2 ; 0 ; 1 ; 1 ; 1 ; 1 ; 1 ;
j12017_10.sm ; 5215.490 ; 46 ; 0 ; 12051 ; 12726 ; 1 ; 10 ; 9.59882 ; 0.20867 ; 10 ; 0.217 ; 1 ; 0.5 ; 0.2 ; 0 ; 1 ; 1 ; 1 ; 1 ; 1 ;
j12018_1.sm ; 4012.905 ; 37 ; 0 ; 7863 ; 14819 ; 0 ; 13 ; 22.1607 ; 0.598939 ; 23 ; 0.622 ; 1 ; 0.5 ; 0.2 ; 0 ; 1 ; 1 ; 1 ; 1 ; 1 ;
j12018_2.sm ; 3604.954 ; 5 ; 7 ; 6230 ; 20127 ; 0 ; 167 ; 0 ; 0 ; 0 ; 0.000 ; 1 ; 0.5 ; 0.2 ; 0 ; 1 ; 1 ; 1 ; 1 ; 1 ;
j12018_3.sm ; 3661.471 ; 29 ; 0 ; 6307 ; 19736 ; 0 ; 29 ; 19.3968 ; 0.668856 ; 20 ; 0.690 ; 1 ; 0.5 ; 0.2 ; 0 ; 1 ; 1 ; 1 ; 1 ; 1 ;
j12018_4.sm ; 1974.175 ; 24 ; 0 ; 5415 ; 13264 ; 1 ; 68 ; 10.0267 ; 0.41778 ; 11 ; 0.458 ; 1 ; 0.5 ; 0.2 ; 0 ; 1 ; 1 ; 1 ; 1 ; 1 ;
j12018_5.sm ; 4144.945 ; 30 ; 0 ; 6487 ; 20743 ; 0 ; 15 ; 16.1922 ; 0.539741 ; 17 ; 0.567 ; 1 ; 0.5 ; 0.2 ; 0 ; 1 ; 1 ; 1 ; 1 ; 1 ;
j12018_6.sm ; 4050.008 ; 26 ; 0 ; 6219 ; 19234 ; 0 ; 14 ; 11.0069 ; 0.423344 ; 12 ; 0.462 ; 1 ; 0.5 ; 0.2 ; 0 ; 1 ; 1 ; 1 ; 1 ; 1 ;
j12018_7.sm ; 3726.703 ; 29 ; 0 ; 7958 ; 15814 ; 0 ; 10 ; 5.57014 ; 0.192074 ; 6 ; 0.207 ; 1 ; 0.5 ; 0.2 ; 0 ; 1 ; 1 ; 1 ; 1 ; 1 ;
j12018_8.sm ; 2842.492 ; 18 ; 0 ; 5986 ; 15777 ; 0 ; 37 ; 3.3707 ; 0.187261 ; 4 ; 0.222 ; 1 ; 0.5 ; 0.2 ; 0 ; 1 ; 1 ; 1 ; 1 ; 1 ;
j12018_9.sm ; 803.969 ; 15 ; 0 ; 3739 ; 9724 ; 0 ; 42 ; 8.09164 ; 0.539443 ; 9 ; 0.600 ; 1 ; 0.5 ; 0.2 ; 0 ; 1 ; 1 ; 1 ; 1 ; 1 ;
j12018_10.sm ; 3632.369 ; 14 ; 0 ; 4096 ; 26246 ; 0 ; 54 ; 8.20558 ; 0.586113 ; 9 ; 0.643 ; 1 ; 0.5 ; 0.2 ; 0 ; 1 ; 1 ; 1 ; 1 ; 1 ;
j12019_2.sm ; 3602.865 ; 2 ; 0 ; 4576 ; 27822 ; 0 ; 434 ; 0 ; 0 ; 0 ; 0.000 ; 1 ; 0.5 ; 0.2 ; 0 ; 1 ; 1 ; 1 ; 1 ; 1 ;
j12019_3.sm ; 323.191 ; 13 ; 0 ; 2757 ; 5351 ; 0 ; 25 ; 5.3154 ; 0.408877 ; 6 ; 0.462 ; 1 ; 0.5 ; 0.2 ; 0 ; 1 ; 1 ; 1 ; 1 ; 1 ;
j12019_4.sm ; 740.342 ; 14 ; 0 ; 3696 ; 8444 ; 1 ; 11 ; 2.66664 ; 0.190474 ; 3 ; 0.214 ; 1 ; 0.5 ; 0.2 ; 0 ; 1 ; 1 ; 1 ; 1 ; 1 ;
j12019_5.sm ; 2749.448 ; 18 ; 0 ; 5128 ; 17297 ; 0 ; 61 ; 7.56743 ; 0.420413 ; 8 ; 0.444 ; 1 ; 0.5 ; 0.2 ; 0 ; 1 ; 1 ; 1 ; 1 ; 1 ;
j12019_6.sm ; 619.544 ; 10 ; 0 ; 3512 ; 8637 ; 0 ; 51 ; 4.63475 ; 0.463475 ; 5 ; 0.500 ; 1 ; 0.5 ; 0.2 ; 0 ; 1 ; 1 ; 1 ; 1 ; 1 ;
j12019_9.sm ; 3600.405 ; 14 ; 3 ; 5269 ; 23386 ; 0 ; 210 ; 8.23227 ; 0.588019 ; 9 ; 0.643 ; 1 ; 0.5 ; 0.2 ; 0 ; 1 ; 1 ; 1 ; 1 ; 1 ;
j12020_3.sm ; 175.646 ; 3 ; 0 ; 1900 ; 2880 ; 0 ; 65 ; 0.249125 ; 0.0830416 ; 1 ; 0.333 ; 1 ; 0.5 ; 0.2 ; 0 ; 1 ; 1 ; 1 ; 1 ; 1 ;
j12026_1.sm ; 4424.838 ; 73 ; 17 ; 10199 ; 10277 ; 223 ; 9 ; 16.7499 ; 0.22945 ; 17 ; 0.233 ; 1 ; 0.5 ; 0.2 ; 0 ; 1 ; 1 ; 1 ; 1 ; 1 ;
j12026_2.sm ; 4954.471 ; 72 ; 16 ; 11050 ; 11047 ; 850 ; 9 ; 18.2586 ; 0.253592 ; 19 ; 0.264 ; 1 ; 0.5 ; 0.2 ; 0 ; 1 ; 1 ; 1 ; 1 ; 1 ;
j12026_3.sm ; 4002.245 ; 74 ; 29 ; 9790 ; 9847 ; 409 ; 9 ; 18.1755 ; 0.245615 ; 19 ; 0.257 ; 1 ; 0.5 ; 0.2 ; 0 ; 1 ; 1 ; 1 ; 1 ; 1 ;
j12026_4.sm ; 4010.370 ; 64 ; 20 ; 9366 ; 9439 ; 1712 ; 9 ; 18.1477 ; 0.283558 ; 19 ; 0.297 ; 1 ; 0.5 ; 0.2 ; 0 ; 1 ; 1 ; 1 ; 1 ; 1 ;
j12026_5.sm ; 4277.829 ; 72 ; 22 ; 10130 ; 10256 ; 929 ; 9 ; 19.8432 ; 0.2756 ; 20 ; 0.278 ; 1 ; 0.5 ; 0.2 ; 0 ; 1 ; 1 ; 1 ; 1 ; 1 ;
j12026_6.sm ; 3975.736 ; 65 ; 46 ; 9260 ; 9551 ; 639 ; 9 ; 17.9646 ; 0.276379 ; 18 ; 0.277 ; 1 ; 0.5 ; 0.2 ; 0 ; 1 ; 1 ; 1 ; 1 ; 1 ;
j12026_7.sm ; 3673.614 ; 74 ; 49 ; 9494 ; 9532 ; 318 ; 9 ; 23.6116 ; 0.319076 ; 24 ; 0.324 ; 1 ; 0.5 ; 0.2 ; 0 ; 1 ; 1 ; 1 ; 1 ; 1 ;
j12026_8.sm ; 5486.560 ; 71 ; 33 ; 10824 ; 10953 ; 1551 ; 9 ; 15.0091 ; 0.211396 ; 16 ; 0.225 ; 1 ; 0.5 ; 0.2 ; 0 ; 1 ; 1 ; 1 ; 1 ; 1 ;
j12026_9.sm ; 4435.721 ; 48 ; 34 ; 10637 ; 10845 ; 582 ; 9 ; 8.01507 ; 0.166981 ; 9 ; 0.188 ; 1 ; 0.5 ; 0.2 ; 0 ; 1 ; 1 ; 1 ; 1 ; 1 ;
j12026_10.sm ; 5484.283 ; 61 ; 38 ; 10708 ; 10891 ; 1548 ; 9 ; 9.71247 ; 0.159221 ; 10 ; 0.164 ; 1 ; 0.5 ; 0.2 ; 0 ; 1 ; 1 ; 1 ; 1 ; 1 ;
j12027_1.sm ; 3725.087 ; 31 ; 8 ; 7644 ; 18688 ; 418 ; 15 ; 18.6706 ; 0.602277 ; 19 ; 0.613 ; 1 ; 0.5 ; 0.2 ; 0 ; 1 ; 1 ; 1 ; 1 ; 1 ;
j12027_2.sm ; 3783.217 ; 28 ; 22 ; 6494 ; 19392 ; 289 ; 11 ; 8.54579 ; 0.305207 ; 9 ; 0.321 ; 1 ; 0.5 ; 0.2 ; 0 ; 1 ; 1 ; 1 ; 1 ; 1 ;
j12027_3.sm ; 4384.422 ; 46 ; 33 ; 10075 ; 13168 ; 743 ; 9 ; 17.5838 ; 0.382256 ; 18 ; 0.391 ; 1 ; 0.5 ; 0.2 ; 0 ; 1 ; 1 ; 1 ; 1 ; 1 ;
j12027_4.sm ; 3915.209 ; 23 ; 9 ; 7417 ; 19640 ; 717 ; 20 ; 9.59135 ; 0.417015 ; 10 ; 0.435 ; 1 ; 0.5 ; 0.2 ; 0 ; 1 ; 1 ; 1 ; 1 ; 1 ;
j12027_5.sm ; 3780.159 ; 22 ; 18 ; 7016 ; 20941 ; 95 ; 13 ; 7.31663 ; 0.332574 ; 8 ; 0.364 ; 1 ; 0.5 ; 0.2 ; 0 ; 1 ; 1 ; 1 ; 1 ; 1 ;
j12027_6.sm ; 4841.983 ; 48 ; 17 ; 11773 ; 12491 ; 536 ; 9 ; 13.7432 ; 0.286317 ; 14 ; 0.292 ; 1 ; 0.5 ; 0.2 ; 0 ; 1 ; 1 ; 1 ; 1 ; 1 ;
j12027_7.sm ; 4337.940 ; 25 ; 27 ; 7514 ; 20722 ; 183 ; 14 ; 10.2888 ; 0.411551 ; 11 ; 0.440 ; 1 ; 0.5 ; 0.2 ; 0 ; 1 ; 1 ; 1 ; 1 ; 1 ;
j12027_8.sm ; 3951.083 ; 32 ; 9 ; 8314 ; 14322 ; 368 ; 11 ; 14.2055 ; 0.443923 ; 15 ; 0.469 ; 1 ; 0.5 ; 0.2 ; 0 ; 1 ; 1 ; 1 ; 1 ; 1 ;
j12027_9.sm ; 3683.480 ; 33 ; 21 ; 9459 ; 13937 ; 203 ; 10 ; 12.2973 ; 0.372646 ; 13 ; 0.394 ; 1 ; 0.5 ; 0.2 ; 0 ; 1 ; 1 ; 1 ; 1 ; 1 ;
j12027_10.sm ; 3661.316 ; 10 ; 1 ; 4372 ; 22635 ; 53 ; 19 ; 0 ; 0 ; 0 ; 0.000 ; 1 ; 0.5 ; 0.2 ; 0 ; 1 ; 1 ; 1 ; 1 ; 1 ;
j12028_1.sm ; 3615.470 ; 10 ; 25 ; 4867 ; 15631 ; 218 ; 89 ; 1.47875 ; 0.147875 ; 2 ; 0.200 ; 1 ; 0.5 ; 0.2 ; 0 ; 1 ; 1 ; 1 ; 1 ; 1 ;
j12028_7.sm ; 1588.387 ; 12 ; 13 ; 3813 ; 12084 ; 165 ; 56 ; 2.09295 ; 0.174412 ; 3 ; 0.250 ; 1 ; 0.5 ; 0.2 ; 0 ; 1 ; 1 ; 1 ; 1 ; 1 ;
j12029_3.sm ; 425.783 ; 18 ; 4 ; 2828 ; 7037 ; 3 ; 17 ; 8.03015 ; 0.44612 ; 9 ; 0.500 ; 1 ; 0.5 ; 0.2 ; 0 ; 1 ; 1 ; 1 ; 1 ; 1 ;
j12029_6.sm ; 3629.843 ; 3 ; 56 ; 3792 ; 20321 ; 205 ; 101 ; 0 ; 0 ; 0 ; 0.000 ; 1 ; 0.5 ; 0.2 ; 0 ; 1 ; 1 ; 1 ; 1 ; 1 ;
j12031_1.sm ; 3896.601 ; 106 ; 6 ; 8065 ; 8157 ; 325 ; 8 ; 34.9686 ; 0.329893 ; 35 ; 0.330 ; 1 ; 0.5 ; 0.2 ; 0 ; 1 ; 1 ; 1 ; 1 ; 1 ;
j12031_2.sm ; 4674.823 ; 111 ; 6 ; 8910 ; 8915 ; 419 ; 9 ; 40.726 ; 0.366901 ; 41 ; 0.369 ; 1 ; 0.5 ; 0.2 ; 0 ; 1 ; 1 ; 1 ; 1 ; 1 ;
j12031_3.sm ; 4903.885 ; 94 ; 5 ; 9912 ; 9957 ; 175 ; 9 ; 35.3902 ; 0.376491 ; 36 ; 0.383 ; 1 ; 0.5 ; 0.2 ; 0 ; 1 ; 1 ; 1 ; 1 ; 1 ;
j12031_4.sm ; 4459.782 ; 107 ; 10 ; 7905 ; 8025 ; 795 ; 8 ; 19.999 ; 0.186907 ; 20 ; 0.187 ; 1 ; 0.5 ; 0.2 ; 0 ; 1 ; 1 ; 1 ; 1 ; 1 ;
j12031_5.sm ; 3761.754 ; 103 ; 10 ; 8049 ; 8074 ; 968 ; 8 ; 36.2942 ; 0.352371 ; 37 ; 0.359 ; 1 ; 0.5 ; 0.2 ; 0 ; 1 ; 1 ; 1 ; 1 ; 1 ;
j12031_6.sm ; 4885.400 ; 91 ; 4 ; 9866 ; 9896 ; 127 ; 9 ; 30.2209 ; 0.332097 ; 31 ; 0.341 ; 1 ; 0.5 ; 0.2 ; 0 ; 1 ; 1 ; 1 ; 1 ; 1 ;
j12031_7.sm ; 3643.175 ; 96 ; 12 ; 7940 ; 8224 ; 135 ; 8 ; 28.0418 ; 0.292102 ; 29 ; 0.302 ; 1 ; 0.5 ; 0.2 ; 0 ; 1 ; 1 ; 1 ; 1 ; 1 ;
j12031_8.sm ; 5154.659 ; 100 ; 14 ; 9719 ; 10095 ; 287 ; 9 ; 35.7461 ; 0.357461 ; 36 ; 0.360 ; 1 ; 0.5 ; 0.2 ; 0 ; 1 ; 1 ; 1 ; 1 ; 1 ;
j12031_9.sm ; 5890.691 ; 90 ; 7 ; 10803 ; 10991 ; 257 ; 9 ; 28.9433 ; 0.321592 ; 29 ; 0.322 ; 1 ; 0.5 ; 0.2 ; 0 ; 1 ; 1 ; 1 ; 1 ; 1 ;
j12031_10.sm ; 5389.959 ; 137 ; 14 ; 8563 ; 9062 ; 353 ; 9 ; 45.9946 ; 0.335727 ; 46 ; 0.336 ; 1 ; 0.5 ; 0.2 ; 0 ; 1 ; 1 ; 1 ; 1 ; 1 ;
j12032_1.sm ; 4490.104 ; 48 ; 6 ; 11099 ; 12315 ; 66 ; 9 ; 14.3164 ; 0.298259 ; 15 ; 0.313 ; 1 ; 0.5 ; 0.2 ; 0 ; 1 ; 1 ; 1 ; 1 ; 1 ;
j12032_2.sm ; 4223.388 ; 31 ; 2 ; 9711 ; 14667 ; 23 ; 10 ; 8.91534 ; 0.287592 ; 9 ; 0.290 ; 1 ; 0.5 ; 0.2 ; 0 ; 1 ; 1 ; 1 ; 1 ; 1 ;
j12032_3.sm ; 4209.509 ; 44 ; 1 ; 10760 ; 12988 ; 0 ; 9 ; 18.6085 ; 0.422921 ; 19 ; 0.432 ; 1 ; 0.5 ; 0.2 ; 0 ; 1 ; 1 ; 1 ; 1 ; 1 ;
j12032_4.sm ; 3779.342 ; 28 ; 5 ; 9982 ; 13261 ; 23 ; 10 ; 8.50884 ; 0.303887 ; 9 ; 0.321 ; 1 ; 0.5 ; 0.2 ; 0 ; 1 ; 1 ; 1 ; 1 ; 1 ;
j12032_5.sm ; 3834.690 ; 39 ; 1 ; 10908 ; 12588 ; 27 ; 9 ; 14.6474 ; 0.375573 ; 15 ; 0.385 ; 1 ; 0.5 ; 0.2 ; 0 ; 1 ; 1 ; 1 ; 1 ; 1 ;
j12032_6.sm ; 4249.074 ; 34 ; 6 ; 9569 ; 16123 ; 88 ; 10 ; 12.7374 ; 0.374631 ; 13 ; 0.382 ; 1 ; 0.5 ; 0.2 ; 0 ; 1 ; 1 ; 1 ; 1 ; 1 ;
j12032_7.sm ; 3942.465 ; 18 ; 0 ; 5753 ; 22577 ; 49 ; 21 ; 9.35669 ; 0.519816 ; 10 ; 0.556 ; 1 ; 0.5 ; 0.2 ; 0 ; 1 ; 1 ; 1 ; 1 ; 1 ;
j12032_8.sm ; 3985.753 ; 54 ; 0 ; 11024 ; 11080 ; 43 ; 9 ; 23.9871 ; 0.444205 ; 24 ; 0.444 ; 1 ; 0.5 ; 0.2 ; 0 ; 1 ; 1 ; 1 ; 1 ; 1 ;
j12032_9.sm ; 3707.307 ; 41 ; 0 ; 10717 ; 12138 ; 46 ; 9 ; 18.2654 ; 0.445497 ; 19 ; 0.463 ; 1 ; 0.5 ; 0.2 ; 0 ; 1 ; 1 ; 1 ; 1 ; 1 ;
j12032_10.sm ; 4929.454 ; 40 ; 4 ; 11900 ; 13178 ; 27 ; 10 ; 12.7698 ; 0.319246 ; 13 ; 0.325 ; 1 ; 0.5 ; 0.2 ; 0 ; 1 ; 1 ; 1 ; 1 ; 1 ;
j12033_1.sm ; 1109.211 ; 8 ; 20 ; 4109 ; 9980 ; 13 ; 65 ; 1.67422 ; 0.209278 ; 2 ; 0.250 ; 1 ; 0.5 ; 0.2 ; 0 ; 1 ; 1 ; 1 ; 1 ; 1 ;
j12033_2.sm ; 1613.303 ; 21 ; 5 ; 6085 ; 11573 ; 0 ; 13 ; 5.27086 ; 0.250993 ; 6 ; 0.286 ; 1 ; 0.5 ; 0.2 ; 0 ; 1 ; 1 ; 1 ; 1 ; 1 ;
j12033_3.sm ; 3311.698 ; 19 ; 6 ; 6028 ; 18729 ; 19 ; 18 ; 4.00293 ; 0.210681 ; 5 ; 0.263 ; 1 ; 0.5 ; 0.2 ; 0 ; 1 ; 1 ; 1 ; 1 ; 1 ;
j12033_4.sm ; 3272.767 ; 15 ; 7 ; 4953 ; 19591 ; 40 ; 35 ; 0.70685 ; 0.0471234 ; 1 ; 0.067 ; 1 ; 0.5 ; 0.2 ; 0 ; 1 ; 1 ; 1 ; 1 ; 1 ;
j12033_5.sm ; 4085.668 ; 34 ; 12 ; 9103 ; 13872 ; 103 ; 9 ; 7.83381 ; 0.230406 ; 8 ; 0.235 ; 1 ; 0.5 ; 0.2 ; 0 ; 1 ; 1 ; 1 ; 1 ; 1 ;
j12033_7.sm ; 3761.820 ; 30 ; 7 ; 7066 ; 18168 ; 4 ; 26 ; 17.4083 ; 0.580276 ; 18 ; 0.600 ; 1 ; 0.5 ; 0.2 ; 0 ; 1 ; 1 ; 1 ; 1 ; 1 ;
j12033_8.sm ; 3635.518 ; 21 ; 0 ; 6446 ; 20684 ; 2 ; 15 ; 8.16032 ; 0.388587 ; 9 ; 0.429 ; 1 ; 0.5 ; 0.2 ; 0 ; 1 ; 1 ; 1 ; 1 ; 1 ;
j12033_9.sm ; 1326.200 ; 12 ; 0 ; 4055 ; 10075 ; 18 ; 36 ; 0 ; 0 ; 0 ; 0.000 ; 1 ; 0.5 ; 0.2 ; 0 ; 1 ; 1 ; 1 ; 1 ; 1 ;
j12033_10.sm ; 2206.276 ; 18 ; 1 ; 5790 ; 16590 ; 27 ; 22 ; 8.3407 ; 0.463372 ; 9 ; 0.500 ; 1 ; 0.5 ; 0.2 ; 0 ; 1 ; 1 ; 1 ; 1 ; 1 ;
j12034_1.sm ; 93.765 ; 6 ; 0 ; 1696 ; 3551 ; 0 ; 24 ; 1.96787 ; 0.327978 ; 2 ; 0.333 ; 1 ; 0.5 ; 0.2 ; 0 ; 1 ; 1 ; 1 ; 1 ; 1 ;
j12034_2.sm ; 3637.893 ; 10 ; 1 ; 4098 ; 27990 ; 2 ; 75 ; 3.11044 ; 0.311044 ; 4 ; 0.400 ; 1 ; 0.5 ; 0.2 ; 0 ; 1 ; 1 ; 1 ; 1 ; 1 ;
j12034_3.sm ; 3601.470 ; 8 ; 1070752025 ; 1067844851 ; 1072722420 ; 0 ; 163 ; 2.53712 ; 0.31714 ; 3 ; 0.375 ; 1 ; 0.5 ; 0.2 ; 0 ; 1 ; 1 ; 1 ; 1 ; 1 ;
j12034_5.sm ; 3600.246 ; 4 ; 22 ; 4869 ; 18955 ; 86 ; 188 ; 0 ; 0 ; 0 ; 0.000 ; 1 ; 0.5 ; 0.2 ; 0 ; 1 ; 1 ; 1 ; 1 ; 1 ;
j12034_8.sm ; 231.023 ; 8 ; 0 ; 2361 ; 5334 ; 2 ; 9 ; 2.2043 ; 0.275537 ; 3 ; 0.375 ; 1 ; 0.5 ; 0.2 ; 0 ; 1 ; 1 ; 1 ; 1 ; 1 ;
j12034_9.sm ; 856.121 ; 12 ; 0 ; 4203 ; 7374 ; 26 ; 42 ; 2.6424 ; 0.2202 ; 3 ; 0.250 ; 1 ; 0.5 ; 0.2 ; 0 ; 1 ; 1 ; 1 ; 1 ; 1 ;
j12035_5.sm ; 3602.127 ; 1 ; 92 ; 5821 ; 24074 ; 29 ; 621 ; 0 ; 0 ; 0 ; 0.000 ; 1 ; 0.5 ; 0.2 ; 0 ; 1 ; 1 ; 1 ; 1 ; 1 ;
j12036_1.sm ; 3922.846 ; 112 ; 4 ; 7970 ; 7987 ; 9 ; 8 ; 37.4078 ; 0.333998 ; 38 ; 0.339 ; 1 ; 0.5 ; 0.2 ; 0 ; 1 ; 1 ; 1 ; 1 ; 1 ;
j12036_2.sm ; 4556.257 ; 134 ; 1 ; 8150 ; 8133 ; 113 ; 7 ; 50.7413 ; 0.378667 ; 51 ; 0.381 ; 1 ; 0.5 ; 0.2 ; 0 ; 1 ; 1 ; 1 ; 1 ; 1 ;
j12036_3.sm ; 5138.137 ; 138 ; 1 ; 8397 ; 8865 ; 85 ; 8 ; 56.9181 ; 0.41245 ; 57 ; 0.413 ; 1 ; 0.5 ; 0.2 ; 0 ; 1 ; 1 ; 1 ; 1 ; 1 ;
j12036_4.sm ; 5044.235 ; 140 ; 3 ; 8481 ; 8598 ; 140 ; 8 ; 48.6687 ; 0.347634 ; 49 ; 0.350 ; 1 ; 0.5 ; 0.2 ; 0 ; 1 ; 1 ; 1 ; 1 ; 1 ;
j12036_5.sm ; 4661.384 ; 134 ; 4 ; 8243 ; 8256 ; 292 ; 8 ; 52.1152 ; 0.388919 ; 53 ; 0.396 ; 1 ; 0.5 ; 0.2 ; 0 ; 1 ; 1 ; 1 ; 1 ; 1 ;
j12036_6.sm ; 4244.026 ; 124 ; 5 ; 7766 ; 7890 ; 359 ; 8 ; 37.114 ; 0.299307 ; 38 ; 0.306 ; 1 ; 0.5 ; 0.2 ; 0 ; 1 ; 1 ; 1 ; 1 ; 1 ;
j12036_7.sm ; 4122.783 ; 105 ; 3 ; 8538 ; 8533 ; 57 ; 8 ; 37.4621 ; 0.356782 ; 38 ; 0.362 ; 1 ; 0.5 ; 0.2 ; 0 ; 1 ; 1 ; 1 ; 1 ; 1 ;
j12036_8.sm ; 4444.726 ; 89 ; 9 ; 9365 ; 9454 ; 82 ; 9 ; 26.7875 ; 0.300983 ; 27 ; 0.303 ; 1 ; 0.5 ; 0.2 ; 0 ; 1 ; 1 ; 1 ; 1 ; 1 ;
j12036_9.sm ; 4388.253 ; 117 ; 10 ; 8221 ; 8394 ; 207 ; 8 ; 39.9917 ; 0.34181 ; 40 ; 0.342 ; 1 ; 0.5 ; 0.2 ; 0 ; 1 ; 1 ; 1 ; 1 ; 1 ;
j12036_10.sm ; 3959.886 ; 125 ; 1 ; 7818 ; 7898 ; 21 ; 8 ; 48.2854 ; 0.386283 ; 49 ; 0.392 ; 1 ; 0.5 ; 0.2 ; 0 ; 1 ; 1 ; 1 ; 1 ; 1 ;
j12037_1.sm ; 4154.634 ; 49 ; 0 ; 11391 ; 11632 ; 4 ; 9 ; 21.6458 ; 0.441751 ; 22 ; 0.449 ; 1 ; 0.5 ; 0.2 ; 0 ; 1 ; 1 ; 1 ; 1 ; 1 ;
j12037_2.sm ; 3719.155 ; 59 ; 0 ; 10303 ; 10867 ; 9 ; 9 ; 22.6767 ; 0.384351 ; 23 ; 0.390 ; 1 ; 0.5 ; 0.2 ; 0 ; 1 ; 1 ; 1 ; 1 ; 1 ;
j12037_3.sm ; 4642.782 ; 38 ; 0 ; 9816 ; 15146 ; 4 ; 10 ; 14.6402 ; 0.385268 ; 15 ; 0.395 ; 1 ; 0.5 ; 0.2 ; 0 ; 1 ; 1 ; 1 ; 1 ; 1 ;
j12037_4.sm ; 4892.992 ; 68 ; 0 ; 11509 ; 11693 ; 12 ; 9 ; 25.455 ; 0.374338 ; 26 ; 0.382 ; 1 ; 0.5 ; 0.2 ; 0 ; 1 ; 1 ; 1 ; 1 ; 1 ;
j12037_5.sm ; 4245.448 ; 92 ; 9 ; 8983 ; 9029 ; 23 ; 8 ; 26.1656 ; 0.284408 ; 27 ; 0.293 ; 1 ; 0.5 ; 0.2 ; 0 ; 1 ; 1 ; 1 ; 1 ; 1 ;
j12037_6.sm ; 5318.247 ; 58 ; 1 ; 11557 ; 11760 ; 3 ; 9 ; 18.4327 ; 0.317806 ; 19 ; 0.328 ; 1 ; 0.5 ; 0.2 ; 0 ; 1 ; 1 ; 1 ; 1 ; 1 ;
j12037_7.sm ; 5420.535 ; 79 ; 2 ; 11492 ; 11560 ; 6 ; 9 ; 27.2903 ; 0.345447 ; 28 ; 0.354 ; 1 ; 0.5 ; 0.2 ; 0 ; 1 ; 1 ; 1 ; 1 ; 1 ;
j12037_8.sm ; 4100.093 ; 62 ; 0 ; 10373 ; 10489 ; 110 ; 8 ; 22.204 ; 0.358128 ; 23 ; 0.371 ; 1 ; 0.5 ; 0.2 ; 0 ; 1 ; 1 ; 1 ; 1 ; 1 ;
j12037_9.sm ; 4346.796 ; 60 ; 0 ; 11184 ; 11451 ; 0 ; 9 ; 24.6411 ; 0.410684 ; 25 ; 0.417 ; 1 ; 0.5 ; 0.2 ; 0 ; 1 ; 1 ; 1 ; 1 ; 1 ;
j12037_10.sm ; 5321.462 ; 52 ; 0 ; 12763 ; 12889 ; 0 ; 10 ; 19.1707 ; 0.368666 ; 20 ; 0.385 ; 1 ; 0.5 ; 0.2 ; 0 ; 1 ; 1 ; 1 ; 1 ; 1 ;
j12038_1.sm ; 3624.441 ; 5 ; 0 ; 5110 ; 22653 ; 0 ; 159 ; 0 ; 0 ; 0 ; 0.000 ; 1 ; 0.5 ; 0.2 ; 0 ; 1 ; 1 ; 1 ; 1 ; 1 ;
j12038_2.sm ; 3697.778 ; 32 ; 0 ; 7761 ; 17128 ; 0 ; 10 ; 13.8448 ; 0.432649 ; 14 ; 0.438 ; 1 ; 0.5 ; 0.2 ; 0 ; 1 ; 1 ; 1 ; 1 ; 1 ;
j12038_3.sm ; 4053.436 ; 50 ; 1 ; 8305 ; 14663 ; 5 ; 12 ; 29.3157 ; 0.586313 ; 30 ; 0.600 ; 1 ; 0.5 ; 0.2 ; 0 ; 1 ; 1 ; 1 ; 1 ; 1 ;
j12038_4.sm ; 3601.236 ; 24 ; 0 ; 8367 ; 14489 ; 31 ; 26 ; 9.5399 ; 0.397496 ; 10 ; 0.417 ; 1 ; 0.5 ; 0.2 ; 0 ; 1 ; 1 ; 1 ; 1 ; 1 ;
j12038_5.sm ; 4345.675 ; 19 ; 0 ; 5868 ; 23654 ; 0 ; 36 ; 7.6317 ; 0.401669 ; 8 ; 0.421 ; 1 ; 0.5 ; 0.2 ; 0 ; 1 ; 1 ; 1 ; 1 ; 1 ;
j12038_6.sm ; 4490.191 ; 27 ; 0 ; 8115 ; 20619 ; 3 ; 13 ; 14.8165 ; 0.548758 ; 15 ; 0.556 ; 1 ; 0.5 ; 0.2 ; 0 ; 1 ; 1 ; 1 ; 1 ; 1 ;
j12038_7.sm ; 3658.994 ; 14 ; 0 ; 4792 ; 25287 ; 0 ; 83 ; 9.28228 ; 0.66302 ; 10 ; 0.714 ; 1 ; 0.5 ; 0.2 ; 0 ; 1 ; 1 ; 1 ; 1 ; 1 ;
j12038_8.sm ; 4103.452 ; 27 ; 0 ; 8172 ; 19088 ; 0 ; 15 ; 11.0621 ; 0.409709 ; 12 ; 0.444 ; 1 ; 0.5 ; 0.2 ; 0 ; 1 ; 1 ; 1 ; 1 ; 1 ;
j12038_10.sm ; 3652.794 ; 44 ; 1 ; 8618 ; 13749 ; 0 ; 12 ; 30.9933 ; 0.704392 ; 31 ; 0.705 ; 1 ; 0.5 ; 0.2 ; 0 ; 1 ; 1 ; 1 ; 1 ; 1 ;
j12039_2.sm ; 582.252 ; 4 ; 102 ; 2591 ; 6834 ; 1 ; 88 ; 0.0762499 ; 0.0190625 ; 1 ; 0.250 ; 1 ; 0.5 ; 0.2 ; 0 ; 1 ; 1 ; 1 ; 1 ; 1 ;
j12039_3.sm ; 2599.470 ; 11 ; 1 ; 4669 ; 20570 ; 0 ; 67 ; 6.34394 ; 0.576722 ; 7 ; 0.636 ; 1 ; 0.5 ; 0.2 ; 0 ; 1 ; 1 ; 1 ; 1 ; 1 ;
j12039_4.sm ; 3617.194 ; 22 ; 7 ; 6019 ; 21899 ; 0 ; 68 ; 17.4297 ; 0.792258 ; 18 ; 0.818 ; 1 ; 0.5 ; 0.2 ; 0 ; 1 ; 1 ; 1 ; 1 ; 1 ;
j12039_7.sm ; 3852.283 ; 10 ; 0 ; 3298 ; 31228 ; 1 ; 48 ; 3.65743 ; 0.365743 ; 4 ; 0.400 ; 1 ; 0.5 ; 0.2 ; 0 ; 1 ; 1 ; 1 ; 1 ; 1 ;
j12039_8.sm ; 3655.079 ; 3 ; 16 ; 5705 ; 22568 ; 4 ; 305 ; 0 ; 0 ; 0 ; 0.000 ; 1 ; 0.5 ; 0.2 ; 0 ; 1 ; 1 ; 1 ; 1 ; 1 ;
j12039_9.sm ; 1244.598 ; 15 ; 1 ; 4327 ; 12464 ; 0 ; 40 ; 3.82038 ; 0.254692 ; 4 ; 0.267 ; 1 ; 0.5 ; 0.2 ; 0 ; 1 ; 1 ; 1 ; 1 ; 1 ;
j12039_10.sm ; 603.469 ; 11 ; 0 ; 3953 ; 7521 ; 0 ; 13 ; 1.91215 ; 0.173832 ; 2 ; 0.182 ; 1 ; 0.5 ; 0.2 ; 0 ; 1 ; 1 ; 1 ; 1 ; 1 ;
j12040_1.sm ; 378.281 ; 3 ; -1459617792 ; 1879050417 ; 1631590556 ; 0 ; 166 ; 0 ; 0 ; 0 ; 0.000 ; 1 ; 0.5 ; 0.2 ; 0 ; 1 ; 1 ; 1 ; 1 ; 1 ;
j12042_1.sm ; 3656.097 ; 17 ; 105 ; 6542 ; 20652 ; 985 ; 22 ; 4.18062 ; 0.245919 ; 5 ; 0.294 ; 1 ; 0.5 ; 0.2 ; 0 ; 1 ; 1 ; 1 ; 1 ; 1 ;
j12046_1.sm ; 4934.569 ; 69 ; 10 ; 10474 ; 10651 ; 774 ; 9 ; 13.7369 ; 0.199085 ; 14 ; 0.203 ; 1 ; 0.5 ; 0.2 ; 0 ; 1 ; 1 ; 1 ; 1 ; 1 ;
j12046_2.sm ; 4053.966 ; 81 ; 54 ; 8579 ; 8619 ; 1354 ; 8 ; 16.0372 ; 0.19799 ; 17 ; 0.210 ; 1 ; 0.5 ; 0.2 ; 0 ; 1 ; 1 ; 1 ; 1 ; 1 ;
j12046_3.sm ; 4510.138 ; 71 ; 48 ; 10123 ; 10497 ; 399 ; 9 ; 15.6124 ; 0.219893 ; 16 ; 0.225 ; 1 ; 0.5 ; 0.2 ; 0 ; 1 ; 1 ; 1 ; 1 ; 1 ;
j12046_4.sm ; 5460.005 ; 80 ; 41 ; 10968 ; 11140 ; 770 ; 10 ; 25.9138 ; 0.323922 ; 26 ; 0.325 ; 1 ; 0.5 ; 0.2 ; 0 ; 1 ; 1 ; 1 ; 1 ; 1 ;
j12046_5.sm ; 3732.963 ; 52 ; 15 ; 10322 ; 10672 ; 531 ; 9 ; 9.15276 ; 0.176015 ; 10 ; 0.192 ; 1 ; 0.5 ; 0.2 ; 0 ; 1 ; 1 ; 1 ; 1 ; 1 ;
j12046_6.sm ; 5126.372 ; 81 ; 55 ; 10215 ; 10376 ; 1064 ; 9 ; 18.3502 ; 0.226546 ; 19 ; 0.235 ; 1 ; 0.5 ; 0.2 ; 0 ; 1 ; 1 ; 1 ; 1 ; 1 ;
j12046_7.sm ; 4722.875 ; 64 ; 47 ; 10622 ; 10841 ; 608 ; 9 ; 13.8175 ; 0.215899 ; 14 ; 0.219 ; 1 ; 0.5 ; 0.2 ; 0 ; 1 ; 1 ; 1 ; 1 ; 1 ;
j12046_8.sm ; 3666.606 ; 81 ; 34 ; 8670 ; 8788 ; 1132 ; 8 ; 22.8839 ; 0.282517 ; 23 ; 0.284 ; 1 ; 0.5 ; 0.2 ; 0 ; 1 ; 1 ; 1 ; 1 ; 1 ;
j12046_9.sm ; 4394.979 ; 71 ; 28 ; 10479 ; 10688 ; 656 ; 9 ; 23.3235 ; 0.3285 ; 24 ; 0.338 ; 1 ; 0.5 ; 0.2 ; 0 ; 1 ; 1 ; 1 ; 1 ; 1 ;
j12046_10.sm ; 5165.501 ; 83 ; 26 ; 10257 ; 10704 ; 822 ; 9 ; 26.2314 ; 0.316041 ; 27 ; 0.325 ; 1 ; 0.5 ; 0.2 ; 0 ; 1 ; 1 ; 1 ; 1 ; 1 ;
j12047_1.sm ; 3726.366 ; 30 ; 34 ; 9065 ; 14022 ; 297 ; 10 ; 4.60584 ; 0.153528 ; 5 ; 0.167 ; 1 ; 0.5 ; 0.2 ; 0 ; 1 ; 1 ; 1 ; 1 ; 1 ;
j12047_2.sm ; 4200.016 ; 25 ; 37 ; 6703 ; 20944 ; 186 ; 12 ; 5.09581 ; 0.203833 ; 6 ; 0.240 ; 1 ; 0.5 ; 0.2 ; 0 ; 1 ; 1 ; 1 ; 1 ; 1 ;
j12047_3.sm ; 4145.077 ; 26 ; 6 ; 7589 ; 21521 ; 55 ; 14 ; 12.8471 ; 0.494118 ; 13 ; 0.500 ; 1 ; 0.5 ; 0.2 ; 0 ; 1 ; 1 ; 1 ; 1 ; 1 ;
j12047_4.sm ; 3964.129 ; 26 ; 31 ; 8692 ; 15558 ; 123 ; 12 ; 4.11668 ; 0.158334 ; 5 ; 0.192 ; 1 ; 0.5 ; 0.2 ; 0 ; 1 ; 1 ; 1 ; 1 ; 1 ;
j12047_5.sm ; 4193.734 ; 21 ; 25 ; 9008 ; 17162 ; 239 ; 12 ; 5.28119 ; 0.251485 ; 6 ; 0.286 ; 1 ; 0.5 ; 0.2 ; 0 ; 1 ; 1 ; 1 ; 1 ; 1 ;
j12047_6.sm ; 4488.411 ; 37 ; 21 ; 10879 ; 15158 ; 480 ; 11 ; 14.3614 ; 0.388145 ; 15 ; 0.405 ; 1 ; 0.5 ; 0.2 ; 0 ; 1 ; 1 ; 1 ; 1 ; 1 ;
j12047_7.sm ; 3759.567 ; 32 ; 10 ; 7394 ; 20244 ; 393 ; 13 ; 18.27 ; 0.570939 ; 19 ; 0.594 ; 1 ; 0.5 ; 0.2 ; 0 ; 1 ; 1 ; 1 ; 1 ; 1 ;
j12047_8.sm ; 4842.398 ; 52 ; 10 ; 11999 ; 12465 ; 605 ; 10 ; 16.9679 ; 0.326305 ; 17 ; 0.327 ; 1 ; 0.5 ; 0.2 ; 0 ; 1 ; 1 ; 1 ; 1 ; 1 ;
j12047_9.sm ; 3774.183 ; 40 ; 26 ; 10016 ; 12567 ; 395 ; 10 ; 13.8444 ; 0.346109 ; 14 ; 0.350 ; 1 ; 0.5 ; 0.2 ; 0 ; 1 ; 1 ; 1 ; 1 ; 1 ;
j12047_10.sm ; 4290.937 ; 30 ; 21 ; 10103 ; 16189 ; 177 ; 11 ; 13.0385 ; 0.434616 ; 14 ; 0.467 ; 1 ; 0.5 ; 0.2 ; 0 ; 1 ; 1 ; 1 ; 1 ; 1 ;
j12048_2.sm ; 3831.368 ; 25 ; 11 ; 7489 ; 20992 ; 54 ; 14 ; 11.598 ; 0.463919 ; 12 ; 0.480 ; 1 ; 0.5 ; 0.2 ; 0 ; 1 ; 1 ; 1 ; 1 ; 1 ;
j12048_3.sm ; 3721.716 ; 8 ; 25 ; 4395 ; 25479 ; 202 ; 32 ; 0 ; 0 ; 0 ; 0.000 ; 1 ; 0.5 ; 0.2 ; 0 ; 1 ; 1 ; 1 ; 1 ; 1 ;
j12048_4.sm ; 3869.277 ; 22 ; 7 ; 7632 ; 20543 ; 158 ; 15 ; 8.98542 ; 0.408428 ; 9 ; 0.409 ; 1 ; 0.5 ; 0.2 ; 0 ; 1 ; 1 ; 1 ; 1 ; 1 ;
j12048_5.sm ; 1141.639 ; 18 ; 60 ; 4386 ; 11387 ; 77 ; 20 ; 6.60948 ; 0.367193 ; 7 ; 0.389 ; 1 ; 0.5 ; 0.2 ; 0 ; 1 ; 1 ; 1 ; 1 ; 1 ;
j12048_6.sm ; 665.092 ; 11 ; 111 ; 3077 ; 9142 ; 49 ; 12 ; 1.21603 ; 0.110548 ; 2 ; 0.182 ; 1 ; 0.5 ; 0.2 ; 0 ; 1 ; 1 ; 1 ; 1 ; 1 ;
j12048_7.sm ; 3714.785 ; 5 ; 39 ; 4008 ; 26029 ; 103 ; 44 ; -1.45E-12 ; -2.90E-13 ; 0 ; 0.000 ; 1 ; 0.5 ; 0.2 ; 0 ; 1 ; 1 ; 1 ; 1 ; 1 ;
j12049_2.sm ; 350.415 ; 9 ; 141 ; 2352 ; 3411 ; 138 ; 16 ; 0.446651 ; 0.0496279 ; 1 ; 0.111 ; 1 ; 0.5 ; 0.2 ; 0 ; 1 ; 1 ; 1 ; 1 ; 1 ;
j12051_1.sm ; 3801.905 ; 106 ; 3 ; 8144 ; 8249 ; 420 ; 8 ; 32.987 ; 0.311198 ; 33 ; 0.311 ; 1 ; 0.5 ; 0.2 ; 0 ; 1 ; 1 ; 1 ; 1 ; 1 ;
j12051_2.sm ; 5645.229 ; 129 ; 8 ; 9124 ; 9106 ; 838 ; 8 ; 39.8494 ; 0.30891 ; 40 ; 0.310 ; 1 ; 0.5 ; 0.2 ; 0 ; 1 ; 1 ; 1 ; 1 ; 1 ;
j12051_3.sm ; 5023.791 ; 127 ; 13 ; 9019 ; 9322 ; 448 ; 8 ; 45.8845 ; 0.361295 ; 46 ; 0.362 ; 1 ; 0.5 ; 0.2 ; 0 ; 1 ; 1 ; 1 ; 1 ; 1 ;
j12051_4.sm ; 4467.668 ; 121 ; 12 ; 8592 ; 8590 ; 136 ; 8 ; 44.4514 ; 0.367367 ; 45 ; 0.372 ; 1 ; 0.5 ; 0.2 ; 0 ; 1 ; 1 ; 1 ; 1 ; 1 ;
j12051_5.sm ; 5494.714 ; 128 ; 8 ; 8860 ; 9186 ; 437 ; 8 ; 40.0809 ; 0.313132 ; 41 ; 0.320 ; 1 ; 0.5 ; 0.2 ; 0 ; 1 ; 1 ; 1 ; 1 ; 1 ;
j12051_6.sm ; 4374.190 ; 111 ; 8 ; 8331 ; 8485 ; 722 ; 8 ; 36.0079 ; 0.324396 ; 37 ; 0.333 ; 1 ; 0.5 ; 0.2 ; 0 ; 1 ; 1 ; 1 ; 1 ; 1 ;
j12051_7.sm ; 4203.245 ; 121 ; 12 ; 8273 ; 8320 ; 821 ; 8 ; 40.9005 ; 0.338021 ; 41 ; 0.339 ; 1 ; 0.5 ; 0.2 ; 0 ; 1 ; 1 ; 1 ; 1 ; 1 ;
j12051_8.sm ; 3689.597 ; 121 ; 8 ; 7633 ; 7835 ; 301 ; 8 ; 42.2396 ; 0.349087 ; 43 ; 0.355 ; 1 ; 0.5 ; 0.2 ; 0 ; 1 ; 1 ; 1 ; 1 ; 1 ;
j12051_9.sm ; 5449.647 ; 107 ; 10 ; 9484 ; 9628 ; 405 ; 9 ; 34.1327 ; 0.318997 ; 35 ; 0.327 ; 1 ; 0.5 ; 0.2 ; 0 ; 1 ; 1 ; 1 ; 1 ; 1 ;
j12051_10.sm ; 5483.449 ; 119 ; 17 ; 9225 ; 9228 ; 745 ; 8 ; 29.2457 ; 0.245762 ; 30 ; 0.252 ; 1 ; 0.5 ; 0.2 ; 0 ; 1 ; 1 ; 1 ; 1 ; 1 ;
j12052_1.sm ; 5652.745 ; 63 ; 23 ; 11741 ; 11894 ; 376 ; 8 ; 13.1821 ; 0.209239 ; 14 ; 0.222 ; 1 ; 0.5 ; 0.2 ; 0 ; 1 ; 1 ; 1 ; 1 ; 1 ;
j12052_2.sm ; 4268.214 ; 72 ; 17 ; 10198 ; 10239 ; 113 ; 8 ; 19.8685 ; 0.275951 ; 20 ; 0.278 ; 1 ; 0.5 ; 0.2 ; 0 ; 1 ; 1 ; 1 ; 1 ; 1 ;
j12052_3.sm ; 4481.869 ; 32 ; 21 ; 12090 ; 13738 ; 136 ; 10 ; 8.57997 ; 0.268124 ; 9 ; 0.281 ; 1 ; 0.5 ; 0.2 ; 0 ; 1 ; 1 ; 1 ; 1 ; 1 ;
j12052_4.sm ; 3791.548 ; 57 ; 8 ; 9960 ; 10180 ; 148 ; 8 ; 13.6755 ; 0.239921 ; 14 ; 0.246 ; 1 ; 0.5 ; 0.2 ; 0 ; 1 ; 1 ; 1 ; 1 ; 1 ;
j12052_5.sm ; 5969.129 ; 55 ; 2 ; 12956 ; 13361 ; 226 ; 9 ; 21.2354 ; 0.386098 ; 22 ; 0.400 ; 1 ; 0.5 ; 0.2 ; 0 ; 1 ; 1 ; 1 ; 1 ; 1 ;
j12052_6.sm ; 4012.580 ; 78 ; 10 ; 9552 ; 9759 ; 151 ; 8 ; 27.694 ; 0.355051 ; 28 ; 0.359 ; 1 ; 0.5 ; 0.2 ; 0 ; 1 ; 1 ; 1 ; 1 ; 1 ;
j12052_7.sm ; 3651.189 ; 54 ; 0 ; 10676 ; 10807 ; 14 ; 8 ; 19.131 ; 0.354277 ; 20 ; 0.370 ; 1 ; 0.5 ; 0.2 ; 0 ; 1 ; 1 ; 1 ; 1 ; 1 ;
j12052_8.sm ; 4106.048 ; 44 ; 1 ; 11033 ; 12104 ; 165 ; 9 ; 11.0307 ; 0.250697 ; 12 ; 0.273 ; 1 ; 0.5 ; 0.2 ; 0 ; 1 ; 1 ; 1 ; 1 ; 1 ;
j12052_9.sm ; 4982.036 ; 62 ; 3 ; 12011 ; 12318 ; 21 ; 9 ; 25.2227 ; 0.406817 ; 26 ; 0.419 ; 1 ; 0.5 ; 0.2 ; 0 ; 1 ; 1 ; 1 ; 1 ; 1 ;
j12052_10.sm ; 5664.407 ; 53 ; 0 ; 13083 ; 13271 ; 89 ; 9 ; 15.658 ; 0.295434 ; 16 ; 0.302 ; 1 ; 0.5 ; 0.2 ; 0 ; 1 ; 1 ; 1 ; 1 ; 1 ;
j12053_1.sm ; 3651.044 ; 21 ; 7 ; 8201 ; 17999 ; 10 ; 12 ; 7.02163 ; 0.334363 ; 8 ; 0.381 ; 1 ; 0.5 ; 0.2 ; 0 ; 1 ; 1 ; 1 ; 1 ; 1 ;
j12053_2.sm ; 3004.806 ; 7 ; 120 ; 4171 ; 21958 ; 12 ; 81 ; 0 ; 0 ; 0 ; 0.000 ; 1 ; 0.5 ; 0.2 ; 0 ; 1 ; 1 ; 1 ; 1 ; 1 ;
j12053_3.sm ; 3231.419 ; 9 ; 122 ; 4145 ; 24936 ; 7 ; 96 ; 0 ; 0 ; 0 ; 0.000 ; 1 ; 0.5 ; 0.2 ; 0 ; 1 ; 1 ; 1 ; 1 ; 1 ;
j12053_4.sm ; 2789.427 ; 28 ; 95 ; 6341 ; 14937 ; 374 ; 15 ; 10.0074 ; 0.357408 ; 11 ; 0.393 ; 1 ; 0.5 ; 0.2 ; 0 ; 1 ; 1 ; 1 ; 1 ; 1 ;
j12053_5.sm ; 2616.667 ; 17 ; 76 ; 4824 ; 16239 ; 130 ; 71 ; 6.43296 ; 0.378409 ; 7 ; 0.412 ; 1 ; 0.5 ; 0.2 ; 0 ; 1 ; 1 ; 1 ; 1 ; 1 ;
j12053_6.sm ; 3650.008 ; 27 ; 3 ; 7386 ; 20696 ; 11 ; 12 ; 11.9227 ; 0.441583 ; 12 ; 0.444 ; 1 ; 0.5 ; 0.2 ; 0 ; 1 ; 1 ; 1 ; 1 ; 1 ;
j12053_7.sm ; 3601.127 ; 3 ; 63 ; 5865 ; 19875 ; 82 ; 157 ; 5.04E-12 ; 1.68E-12 ; 1 ; 0.333 ; 1 ; 0.5 ; 0.2 ; 0 ; 1 ; 1 ; 1 ; 1 ; 1 ;
j12053_8.sm ; 3847.094 ; 36 ; 2 ; 9470 ; 15516 ; 28 ; 10 ; 19.5071 ; 0.541864 ; 20 ; 0.556 ; 1 ; 0.5 ; 0.2 ; 0 ; 1 ; 1 ; 1 ; 1 ; 1 ;
j12053_9.sm ; 3783.794 ; 35 ; 9 ; 9126 ; 14097 ; 123 ; 9 ; 12.367 ; 0.353344 ; 13 ; 0.371 ; 1 ; 0.5 ; 0.2 ; 0 ; 1 ; 1 ; 1 ; 1 ; 1 ;
j12053_10.sm ; 2867.182 ; 21 ; 121 ; 7219 ; 15478 ; 15 ; 14 ; 3.59625 ; 0.17125 ; 4 ; 0.190 ; 1 ; 0.5 ; 0.2 ; 0 ; 1 ; 1 ; 1 ; 1 ; 1 ;
j12054_1.sm ; 3631.891 ; 7 ; 5 ; 3810 ; 28869 ; 134 ; 67 ; 1.18807 ; 0.169725 ; 2 ; 0.286 ; 1 ; 0.5 ; 0.2 ; 0 ; 1 ; 1 ; 1 ; 1 ; 1 ;
j12054_5.sm ; 3911.636 ; 17 ; 7 ; 5746 ; 25733 ; 2 ; 19 ; 9.07373 ; 0.533749 ; 10 ; 0.588 ; 1 ; 0.5 ; 0.2 ; 0 ; 1 ; 1 ; 1 ; 1 ; 1 ;
j12054_6.sm ; 527.396 ; 9 ; 107 ; 3230 ; 9412 ; 0 ; 13 ; 1.21975 ; 0.135527 ; 2 ; 0.222 ; 1 ; 0.5 ; 0.2 ; 0 ; 1 ; 1 ; 1 ; 1 ; 1 ;
j12054_7.sm ; 523.974 ; 13 ; 86 ; 3354 ; 7552 ; 15 ; 12 ; 1.82804 ; 0.140618 ; 2 ; 0.154 ; 1 ; 0.5 ; 0.2 ; 0 ; 1 ; 1 ; 1 ; 1 ; 1 ;
j12054_8.sm ; 956.550 ; 13 ; 0 ; 3936 ; 12088 ; 8 ; 28 ; 6.57124 ; 0.50548 ; 7 ; 0.538 ; 1 ; 0.5 ; 0.2 ; 0 ; 1 ; 1 ; 1 ; 1 ; 1 ;
j12054_9.sm ; 3776.967 ; 12 ; 0 ; 4351 ; 27708 ; 19 ; 25 ; 4.1022 ; 0.34185 ; 5 ; 0.417 ; 1 ; 0.5 ; 0.2 ; 0 ; 1 ; 1 ; 1 ; 1 ; 1 ;
j12054_10.sm ; 367.457 ; 8 ; 138 ; 2423 ; 5734 ; 11 ; 57 ; 0.600871 ; 0.0751089 ; 1 ; 0.125 ; 1 ; 0.5 ; 0.2 ; 0 ; 1 ; 1 ; 1 ; 1 ; 1 ;
j12055_1.sm ; 3618.901 ; 1 ; 8 ; 4984 ; 16176 ; 149 ; 282 ; 0 ; 0 ; 0 ; 0.000 ; 1 ; 0.5 ; 0.2 ; 0 ; 1 ; 1 ; 1 ; 1 ; 1 ;
j12055_6.sm ; 3600.199 ; 2 ; -567233719 ; -251653104 ; 28472 ; 553427350 ; 410 ; 0 ; 0 ; 0 ; 0.000 ; 1 ; 0.5 ; 0.2 ; 0 ; 1 ; 1 ; 1 ; 1 ; 1 ;
j12056_1.sm ; 5568.731 ; 142 ; 9 ; 8813 ; 8904 ; 331 ; 8 ; 50.699 ; 0.357036 ; 51 ; 0.359 ; 1 ; 0.5 ; 0.2 ; 0 ; 1 ; 1 ; 1 ; 1 ; 1 ;
j12056_2.sm ; 4049.115 ; 117 ; 4 ; 8317 ; 8310 ; 37 ; 8 ; 40.5146 ; 0.346279 ; 41 ; 0.350 ; 1 ; 0.5 ; 0.2 ; 0 ; 1 ; 1 ; 1 ; 1 ; 1 ;
j12056_3.sm ; 3725.999 ; 148 ; 6 ; 7010 ; 7090 ; 49 ; 7 ; 53.0936 ; 0.35874 ; 54 ; 0.365 ; 1 ; 0.5 ; 0.2 ; 0 ; 1 ; 1 ; 1 ; 1 ; 1 ;
j12056_4.sm ; 4443.481 ; 136 ; 6 ; 8200 ; 8404 ; 147 ; 8 ; 53.7898 ; 0.395513 ; 54 ; 0.397 ; 1 ; 0.5 ; 0.2 ; 0 ; 1 ; 1 ; 1 ; 1 ; 1 ;
j12056_5.sm ; 3852.697 ; 163 ; 8 ; 6303 ; 6517 ; 953 ; 6 ; 52.7005 ; 0.323316 ; 53 ; 0.325 ; 1 ; 0.5 ; 0.2 ; 0 ; 1 ; 1 ; 1 ; 1 ; 1 ;
j12056_6.sm ; 4900.416 ; 119 ; 0 ; 8849 ; 8852 ; 62 ; 8 ; 45.9076 ; 0.385778 ; 46 ; 0.387 ; 1 ; 0.5 ; 0.2 ; 0 ; 1 ; 1 ; 1 ; 1 ; 1 ;
j12056_7.sm ; 5123.779 ; 166 ; 11 ; 7586 ; 7841 ; 592 ; 7 ; 51.5793 ; 0.310719 ; 52 ; 0.313 ; 1 ; 0.5 ; 0.2 ; 0 ; 1 ; 1 ; 1 ; 1 ; 1 ;
j12056_8.sm ; 5231.160 ; 190 ; 8 ; 7384 ; 7373 ; 509 ; 7 ; 64.7589 ; 0.340836 ; 65 ; 0.342 ; 1 ; 0.5 ; 0.2 ; 0 ; 1 ; 1 ; 1 ; 1 ; 1 ;
j12056_9.sm ; 5110.105 ; 187 ; 5 ; 7721 ; 7701 ; 82 ; 7 ; 74.8124 ; 0.400066 ; 75 ; 0.401 ; 1 ; 0.5 ; 0.2 ; 0 ; 1 ; 1 ; 1 ; 1 ; 1 ;
j12056_10.sm ; 3795.317 ; 157 ; 5 ; 6883 ; 6870 ; 69 ; 7 ; 56.9693 ; 0.362862 ; 57 ; 0.363 ; 1 ; 0.5 ; 0.2 ; 0 ; 1 ; 1 ; 1 ; 1 ; 1 ;
j12057_1.sm ; 6706.851 ; 71 ; 3 ; 12787 ; 13195 ; 171 ; 8 ; 25.2937 ; 0.356249 ; 26 ; 0.366 ; 1 ; 0.5 ; 0.2 ; 0 ; 1 ; 1 ; 1 ; 1 ; 1 ;
j12057_2.sm ; 4738.828 ; 57 ; 0 ; 11308 ; 11591 ; 13 ; 8 ; 16.5147 ; 0.289732 ; 17 ; 0.298 ; 1 ; 0.5 ; 0.2 ; 0 ; 1 ; 1 ; 1 ; 1 ; 1 ;
j12057_3.sm ; 5151.849 ; 69 ; 0 ; 11219 ; 11555 ; 90 ; 8 ; 25.8825 ; 0.375109 ; 26 ; 0.377 ; 1 ; 0.5 ; 0.2 ; 0 ; 1 ; 1 ; 1 ; 1 ; 1 ;
j12057_4.sm ; 4324.825 ; 80 ; 4 ; 9834 ; 9940 ; 197 ; 8 ; 25.5498 ; 0.319373 ; 26 ; 0.325 ; 1 ; 0.5 ; 0.2 ; 0 ; 1 ; 1 ; 1 ; 1 ; 1 ;
j12057_5.sm ; 5203.260 ; 83 ; 1 ; 10956 ; 10986 ; 11 ; 8 ; 32.7876 ; 0.395031 ; 33 ; 0.398 ; 1 ; 0.5 ; 0.2 ; 0 ; 1 ; 1 ; 1 ; 1 ; 1 ;
j12057_6.sm ; 5230.155 ; 90 ; 1 ; 10319 ; 10475 ; 200 ; 8 ; 29.7096 ; 0.330107 ; 30 ; 0.333 ; 1 ; 0.5 ; 0.2 ; 0 ; 1 ; 1 ; 1 ; 1 ; 1 ;
j12057_7.sm ; 5186.377 ; 51 ; 4 ; 11650 ; 11921 ; 16 ; 9 ; 13.7953 ; 0.270495 ; 14 ; 0.275 ; 1 ; 0.5 ; 0.2 ; 0 ; 1 ; 1 ; 1 ; 1 ; 1 ;
j12057_8.sm ; 4471.321 ; 76 ; 2 ; 10516 ; 10688 ; 41 ; 8 ; 29.9649 ; 0.394275 ; 30 ; 0.395 ; 1 ; 0.5 ; 0.2 ; 0 ; 1 ; 1 ; 1 ; 1 ; 1 ;
j12057_9.sm ; 3755.438 ; 59 ; 1 ; 9890 ; 10117 ; 29 ; 8 ; 15.2003 ; 0.257633 ; 16 ; 0.271 ; 1 ; 0.5 ; 0.2 ; 0 ; 1 ; 1 ; 1 ; 1 ; 1 ;
j12057_10.sm ; 3723.845 ; 46 ; 4 ; 10192 ; 10520 ; 71 ; 8 ; 12.3932 ; 0.269417 ; 13 ; 0.283 ; 1 ; 0.5 ; 0.2 ; 0 ; 1 ; 1 ; 1 ; 1 ; 1 ;
j12058_1.sm ; 4265.008 ; 20 ; 1 ; 6157 ; 22101 ; 3 ; 14 ; 5.37903 ; 0.268952 ; 6 ; 0.300 ; 1 ; 0.5 ; 0.2 ; 0 ; 1 ; 1 ; 1 ; 1 ; 1 ;
j12058_2.sm ; 3752.006 ; 20 ; 0 ; 6921 ; 20938 ; 0 ; 17 ; 10.3558 ; 0.517789 ; 11 ; 0.550 ; 1 ; 0.5 ; 0.2 ; 0 ; 1 ; 1 ; 1 ; 1 ; 1 ;
j12058_3.sm ; 3762.273 ; 29 ; 0 ; 8441 ; 18399 ; 0 ; 13 ; 13.8516 ; 0.477643 ; 14 ; 0.483 ; 1 ; 0.5 ; 0.2 ; 0 ; 1 ; 1 ; 1 ; 1 ; 1 ;
j12058_4.sm ; 3972.120 ; 47 ; 0 ; 11193 ; 11922 ; 11 ; 8 ; 22.5392 ; 0.479556 ; 23 ; 0.489 ; 1 ; 0.5 ; 0.2 ; 0 ; 1 ; 1 ; 1 ; 1 ; 1 ;
j12058_5.sm ; 1701.076 ; 19 ; 120 ; 4736 ; 15222 ; 0 ; 26 ; 9.6518 ; 0.50799 ; 10 ; 0.526 ; 1 ; 0.5 ; 0.2 ; 0 ; 1 ; 1 ; 1 ; 1 ; 1 ;
j12058_6.sm ; 3729.649 ; 37 ; 0 ; 8308 ; 16797 ; 0 ; 12 ; 22.9662 ; 0.620709 ; 23 ; 0.622 ; 1 ; 0.5 ; 0.2 ; 0 ; 1 ; 1 ; 1 ; 1 ; 1 ;
j12058_7.sm ; 4007.990 ; 33 ; 2 ; 9224 ; 16136 ; 0 ; 11 ; 17.2673 ; 0.523252 ; 18 ; 0.545 ; 1 ; 0.5 ; 0.2 ; 0 ; 1 ; 1 ; 1 ; 1 ; 1 ;
j12058_8.sm ; 3909.336 ; 33 ; 0 ; 10217 ; 15685 ; 0 ; 10 ; 15.2265 ; 0.461409 ; 16 ; 0.485 ; 1 ; 0.5 ; 0.2 ; 0 ; 1 ; 1 ; 1 ; 1 ; 1 ;
j12058_9.sm ; 4092.528 ; 38 ; 0 ; 10276 ; 15440 ; 1 ; 10 ; 18.8945 ; 0.497224 ; 19 ; 0.500 ; 1 ; 0.5 ; 0.2 ; 0 ; 1 ; 1 ; 1 ; 1 ; 1 ;
j12058_10.sm ; 3876.185 ; 33 ; 0 ; 9768 ; 15450 ; 5 ; 9 ; 10.731 ; 0.325183 ; 11 ; 0.333 ; 1 ; 0.5 ; 0.2 ; 0 ; 1 ; 1 ; 1 ; 1 ; 1 ;
j12059_1.sm ; 3601.524 ; 12 ; 0 ; 3856 ; 28114 ; 0 ; 162 ; 7.47815 ; 0.623179 ; 8 ; 0.667 ; 1 ; 0.5 ; 0.2 ; 0 ; 1 ; 1 ; 1 ; 1 ; 1 ;
j12059_2.sm ; 4037.227 ; 16 ; 0 ; 5646 ; 27866 ; 0 ; 35 ; 8.73908 ; 0.546193 ; 9 ; 0.563 ; 1 ; 0.5 ; 0.2 ; 0 ; 1 ; 1 ; 1 ; 1 ; 1 ;
j12059_4.sm ; 3600.139 ; 1 ; 15 ; 7543 ; 23675 ; 10 ; 317 ; 0 ; 0 ; 0 ; 0.000 ; 1 ; 0.5 ; 0.2 ; 0 ; 1 ; 1 ; 1 ; 1 ; 1 ;
j12059_5.sm ; 2959.985 ; 9 ; 111 ; 4922 ; 23568 ; 0 ; 61 ; 4.2598 ; 0.473311 ; 5 ; 0.556 ; 1 ; 0.5 ; 0.2 ; 0 ; 1 ; 1 ; 1 ; 1 ; 1 ;
j12059_6.sm ; 3725.472 ; 12 ; 1 ; 4152 ; 29916 ; 5 ; 26 ; 3.96269 ; 0.330224 ; 4 ; 0.333 ; 1 ; 0.5 ; 0.2 ; 0 ; 1 ; 1 ; 1 ; 1 ; 1 ;
j12059_7.sm ; 4160.085 ; 22 ; 0 ; 6266 ; 24416 ; 0 ; 17 ; 10.8344 ; 0.492473 ; 11 ; 0.500 ; 1 ; 0.5 ; 0.2 ; 0 ; 1 ; 1 ; 1 ; 1 ; 1 ;
j12059_8.sm ; 3614.722 ; 12 ; 1 ; 4450 ; 26013 ; 0 ; 26 ; 4.65899 ; 0.388249 ; 5 ; 0.417 ; 1 ; 0.5 ; 0.2 ; 0 ; 1 ; 1 ; 1 ; 1 ; 1 ;
j12059_9.sm ; 640.259 ; 7 ; 38 ; 3436 ; 9129 ; 0 ; 70 ; 2.76742 ; 0.395345 ; 3 ; 0.429 ; 1 ; 0.5 ; 0.2 ; 0 ; 1 ; 1 ; 1 ; 1 ; 1 ;
j12059_10.sm ; 4171.501 ; 26 ; 0 ; 7488 ; 19554 ; 3 ; 13 ; 11.1145 ; 0.427481 ; 12 ; 0.462 ; 1 ; 0.5 ; 0.2 ; 0 ; 1 ; 1 ; 1 ; 1 ; 1 ;
j12060_2.sm ; 49.244 ; 2 ; 69 ; 1381 ; 2204 ; 0 ; 35 ; 0 ; 0 ; 0 ; 0.000 ; 1 ; 0.5 ; 0.2 ; 0 ; 1 ; 1 ; 1 ; 1 ; 1 ;
j12060_3.sm ; 1738.347 ; 8 ; 120 ; 3852 ; 20900 ; 0 ; 63 ; 4.46424 ; 0.55803 ; 5 ; 0.625 ; 1 ; 0.5 ; 0.2 ; 0 ; 1 ; 1 ; 1 ; 1 ; 1 ;
j12060_4.sm ; 3603.923 ; 2 ; 7 ; 5654 ; 24102 ; 20 ; 440 ; 0 ; 0 ; 0 ; 0.000 ; 1 ; 0.5 ; 0.2 ; 0 ; 1 ; 1 ; 1 ; 1 ; 1 ;
j12060_5.sm ; 2231.679 ; 9 ; 0 ; 218107737 ; -1834987991 ; 0 ; 162 ; 5.37448 ; 0.597165 ; 6 ; 0.667 ; 1 ; 0.5 ; 0.2 ; 0 ; 1 ; 1 ; 1 ; 1 ; 1 ;
j12060_7.sm ; 345.309 ; 11 ; 68 ; 2786 ; 7569 ; 0 ; 14 ; 3.11597 ; 0.28327 ; 4 ; 0.364 ; 1 ; 0.5 ; 0.2 ; 0 ; 1 ; 1 ; 1 ; 1 ; 1 ;
j12060_10.sm ; 108.122 ; 4 ; 100 ; 1413 ; 4978 ; 0 ; 26 ; 1.51294 ; 0.378235 ; 2 ; 0.500 ; 1 ; 0.5 ; 0.2 ; 0 ; 1 ; 1 ; 1 ; 1 ; 1 ;
j609_1.sm ; 700.703 ; 28 ; 2 ; 3400 ; 8037 ; 77 ; 38 ; 8.13463 ; 0.290523 ; 9 ; 0.321 ; 1 ; 0.5 ; 0.2 ; 0 ; 1 ; 1 ; 1 ; 1 ; 1 ;
j609_3.sm ; 1404.421 ; 35 ; 15 ; 3661 ; 13306 ; 502 ; 22 ; 9.60786 ; 0.27451 ; 10 ; 0.286 ; 1 ; 0.5 ; 0.2 ; 0 ; 1 ; 1 ; 1 ; 1 ; 1 ;
j609_5.sm ; 637.405 ; 33 ; 12 ; 3404 ; 7311 ; 186 ; 16 ; 10.1985 ; 0.309046 ; 11 ; 0.333 ; 1 ; 0.5 ; 0.2 ; 0 ; 1 ; 1 ; 1 ; 1 ; 1 ;
j609_6.sm ; 572.862 ; 21 ; 14 ; 2438 ; 6195 ; 153 ; 18 ; 0 ; 0 ; 0 ; 0.000 ; 1 ; 0.5 ; 0.2 ; 0 ; 1 ; 1 ; 1 ; 1 ; 1 ;
j609_7.sm ; 2320.745 ; 35 ; 3 ; 4171 ; 8335 ; 1244 ; 84 ; 9.95457 ; 0.284416 ; 10 ; 0.286 ; 1 ; 0.5 ; 0.2 ; 0 ; 1 ; 1 ; 1 ; 1 ; 1 ;
j609_8.sm ; 1126.435 ; 31 ; 9 ; 2963 ; 6153 ; 973 ; 79 ; 9.60088 ; 0.309706 ; 10 ; 0.323 ; 1 ; 0.5 ; 0.2 ; 0 ; 1 ; 1 ; 1 ; 1 ; 1 ;
j609_9.sm ; 110.907 ; 19 ; 10 ; 1662 ; 3398 ; 56 ; 15 ; 5.46163 ; 0.287454 ; 6 ; 0.316 ; 1 ; 0.5 ; 0.2 ; 0 ; 1 ; 1 ; 1 ; 1 ; 1 ;
j609_10.sm ; 844.945 ; 28 ; 10 ; 3048 ; 8135 ; 1189 ; 38 ; 7.98142 ; 0.285051 ; 8 ; 0.286 ; 1 ; 0.5 ; 0.2 ; 0 ; 1 ; 1 ; 1 ; 1 ; 1 ;
j6013_1.sm ; 2358.374 ; 43 ; 5 ; 5105 ; 11975 ; 666 ; 43 ; 11.8622 ; 0.275866 ; 12 ; 0.279 ; 1 ; 0.5 ; 0.2 ; 0 ; 1 ; 1 ; 1 ; 1 ; 1 ;
j6013_2.sm ; 1330.702 ; 40 ; 3 ; 5217 ; 9981 ; 640 ; 30 ; 13.4065 ; 0.335162 ; 14 ; 0.350 ; 1 ; 0.5 ; 0.2 ; 0 ; 1 ; 1 ; 1 ; 1 ; 1 ;
j6013_3.sm ; 906.031 ; 31 ; 3 ; 3856 ; 11385 ; 18 ; 20 ; 9.79838 ; 0.316077 ; 10 ; 0.323 ; 1 ; 0.5 ; 0.2 ; 0 ; 1 ; 1 ; 1 ; 1 ; 1 ;
j6013_4.sm ; 1266.814 ; 41 ; 0 ; 4582 ; 12453 ; 7 ; 16 ; 15.0961 ; 0.368198 ; 16 ; 0.390 ; 1 ; 0.5 ; 0.2 ; 0 ; 1 ; 1 ; 1 ; 1 ; 1 ;
j6013_5.sm ; 1184.378 ; 44 ; 1 ; 4955 ; 10002 ; 396 ; 36 ; 17.9314 ; 0.407532 ; 18 ; 0.409 ; 1 ; 0.5 ; 0.2 ; 0 ; 1 ; 1 ; 1 ; 1 ; 1 ;
j6013_6.sm ; 585.856 ; 33 ; 3 ; 4070 ; 7349 ; 37 ; 19 ; 12.3085 ; 0.372986 ; 13 ; 0.394 ; 1 ; 0.5 ; 0.2 ; 0 ; 1 ; 1 ; 1 ; 1 ; 1 ;
j6013_7.sm ; 587.558 ; 33 ; 1 ; 3623 ; 7551 ; 16 ; 17 ; 11.7043 ; 0.354675 ; 12 ; 0.364 ; 1 ; 0.5 ; 0.2 ; 0 ; 1 ; 1 ; 1 ; 1 ; 1 ;
j6013_8.sm ; 1420.815 ; 51 ; 8 ; 5454 ; 10857 ; 429 ; 17 ; 18.3714 ; 0.360223 ; 19 ; 0.373 ; 1 ; 0.5 ; 0.2 ; 0 ; 1 ; 1 ; 1 ; 1 ; 1 ;
j6013_9.sm ; 451.994 ; 35 ; 2 ; 3805 ; 6695 ; 68 ; 12 ; 13.3758 ; 0.382167 ; 14 ; 0.400 ; 1 ; 0.5 ; 0.2 ; 0 ; 1 ; 1 ; 1 ; 1 ; 1 ;
j6013_10.sm ; 3620.989 ; 54 ; 0 ; 6870 ; 20019 ; 177 ; 21 ; 21.1435 ; 0.391546 ; 22 ; 0.407 ; 1 ; 0.5 ; 0.2 ; 0 ; 1 ; 1 ; 1 ; 1 ; 1 ;
j6025_2.sm ; 532.559 ; 29 ; 11 ; 3674 ; 8052 ; 273 ; 19 ; 10.1018 ; 0.348338 ; 11 ; 0.379 ; 1 ; 0.5 ; 0.2 ; 0 ; 1 ; 1 ; 1 ; 1 ; 1 ;
j6025_3.sm ; 1021.411 ; 30 ; 47 ; 3844 ; 10316 ; 355 ; 21 ; 2.81974 ; 0.0939912 ; 3 ; 0.100 ; 1 ; 0.5 ; 0.2 ; 0 ; 1 ; 1 ; 1 ; 1 ; 1 ;
j6025_5.sm ; 3630.155 ; 37 ; 19 ; 4447 ; 24236 ; 1950 ; 46 ; 10.0934 ; 0.272795 ; 11 ; 0.297 ; 1 ; 0.5 ; 0.2 ; 0 ; 1 ; 1 ; 1 ; 1 ; 1 ;
j6025_6.sm ; 2022.561 ; 37 ; 14 ; 5039 ; 14222 ; 334 ; 47 ; 9.63878 ; 0.260508 ; 10 ; 0.270 ; 1 ; 0.5 ; 0.2 ; 0 ; 1 ; 1 ; 1 ; 1 ; 1 ;
j6025_7.sm ; 675.592 ; 24 ; 25 ; 2672 ; 6597 ; 536 ; 42 ; 5.84374 ; 0.243489 ; 6 ; 0.250 ; 1 ; 0.5 ; 0.2 ; 0 ; 1 ; 1 ; 1 ; 1 ; 1 ;
j6025_8.sm ; 1519.176 ; 42 ; 7 ; 4963 ; 13095 ; 308 ; 19 ; 13.6774 ; 0.325652 ; 14 ; 0.333 ; 1 ; 0.5 ; 0.2 ; 0 ; 1 ; 1 ; 1 ; 1 ; 1 ;
j6025_10.sm ; 2115.616 ; 31 ; 18 ; 3893 ; 21132 ; 415 ; 21 ; 7.35142 ; 0.237143 ; 8 ; 0.258 ; 1 ; 0.5 ; 0.2 ; 0 ; 1 ; 1 ; 1 ; 1 ; 1 ;
j6029_1.sm ; 3615.017 ; 44 ; 3 ; 6230 ; 23327 ; 372 ; 28 ; 18.5228 ; 0.420974 ; 19 ; 0.432 ; 1 ; 0.5 ; 0.2 ; 0 ; 1 ; 1 ; 1 ; 1 ; 1 ;
j6029_2.sm ; 3611.181 ; 45 ; 6 ; 4934 ; 15664 ; 1902 ; 64 ; 9.39424 ; 0.208761 ; 10 ; 0.222 ; 1 ; 0.5 ; 0.2 ; 0 ; 1 ; 1 ; 1 ; 1 ; 1 ;
j6029_3.sm ; 1598.970 ; 49 ; 2 ; 5626 ; 12430 ; 441 ; 16 ; 18.7606 ; 0.38287 ; 19 ; 0.388 ; 1 ; 0.5 ; 0.2 ; 0 ; 1 ; 1 ; 1 ; 1 ; 1 ;
j6029_4.sm ; 3633.199 ; 59 ; 8 ; 7991 ; 14195 ; 1093 ; 31 ; 18.8318 ; 0.319183 ; 19 ; 0.322 ; 1 ; 0.5 ; 0.2 ; 0 ; 1 ; 1 ; 1 ; 1 ; 1 ;
j6029_5.sm ; 1274.450 ; 33 ; 2 ; 4595 ; 11581 ; 157 ; 26 ; 9.63248 ; 0.291893 ; 10 ; 0.303 ; 1 ; 0.5 ; 0.2 ; 0 ; 1 ; 1 ; 1 ; 1 ; 1 ;
j6029_6.sm ; 4457.783 ; 77 ; 6 ; 10091 ; 17049 ; 363 ; 12 ; 30.2958 ; 0.393452 ; 31 ; 0.403 ; 1 ; 0.5 ; 0.2 ; 0 ; 1 ; 1 ; 1 ; 1 ; 1 ;
j6029_7.sm ; 4012.499 ; 50 ; 8 ; 6746 ; 24467 ; 73 ; 14 ; 16.3554 ; 0.327108 ; 17 ; 0.340 ; 1 ; 0.5 ; 0.2 ; 0 ; 1 ; 1 ; 1 ; 1 ; 1 ;
j6029_8.sm ; 925.400 ; 31 ; 0 ; 4215 ; 11508 ; 15 ; 17 ; 11.4027 ; 0.367828 ; 12 ; 0.387 ; 1 ; 0.5 ; 0.2 ; 0 ; 1 ; 1 ; 1 ; 1 ; 1 ;
j6029_9.sm ; 2009.546 ; 42 ; 3 ; 6002 ; 15213 ; 344 ; 17 ; 12.0498 ; 0.2869 ; 13 ; 0.310 ; 1 ; 0.5 ; 0.2 ; 0 ; 1 ; 1 ; 1 ; 1 ; 1 ;
j6029_10.sm ; 3175.412 ; 49 ; 8 ; 6558 ; 16673 ; 384 ; 46 ; 16.5666 ; 0.338094 ; 17 ; 0.347 ; 1 ; 0.5 ; 0.2 ; 0 ; 1 ; 1 ; 1 ; 1 ; 1 ;
j6030_2.sm ; 34.504 ; 5 ; 1 ; 765 ; 1742 ; 4 ; 31 ; 0 ; 0 ; 0 ; 0.000 ; 1 ; 0.5 ; 0.2 ; 0 ; 1 ; 1 ; 1 ; 1 ; 1 ;
j6030_3.sm ; 125.675 ; 40 ; 2 ; 1863 ; 819 ; 7 ; 17 ; -1.71E-13 ; -4.26E-15 ; 0 ; 0.000 ; 1 ; 0.5 ; 0.2 ; 0 ; 1 ; 1 ; 1 ; 1 ; 1 ;
j6041_1.sm ; 1223.416 ; 25 ; 37 ; 2976 ; 15338 ; 731 ; 17 ; 4.23962 ; 0.169585 ; 5 ; 0.200 ; 1 ; 0.5 ; 0.2 ; 0 ; 1 ; 1 ; 1 ; 1 ; 1 ;
j6041_5.sm ; 3623.168 ; 48 ; 23 ; 5793 ; 18037 ; 1040 ; 50 ; 16.1319 ; 0.336081 ; 17 ; 0.354 ; 1 ; 0.5 ; 0.2 ; 0 ; 1 ; 1 ; 1 ; 1 ; 1 ;
j6041_10.sm ; 3600.693 ; 40 ; 8 ; 4675 ; 21698 ; 1359 ; 76 ; 20.8825 ; 0.522062 ; 21 ; 0.525 ; 1 ; 0.5 ; 0.2 ; 0 ; 1 ; 1 ; 1 ; 1 ; 1 ;
j6045_1.sm ; 1871.225 ; 36 ; 6 ; 5299 ; 14167 ; 344 ; 3.00E+01 ; 5.32E+00 ; 0.147664 ; 6 ; 0.167 ; 1 ; 0.5 ; 0.2 ; 0 ; 1 ; 1 ; 1 ; 1 ; 1 ;
j6045_2.sm ; 4543.786 ; 66 ; 6 ; 10306 ; 17575 ; 149 ; 12 ; 21.3038 ; 0.322784 ; 22 ; 0.333 ; 1 ; 0.5 ; 0.2 ; 0 ; 1 ; 1 ; 1 ; 1 ; 1 ;
j6045_3.sm ; 3623.374 ; 57 ; 11 ; 8500 ; 11208 ; 778 ; 25 ; 20.2714 ; 0.355639 ; 21 ; 0.368 ; 1 ; 0.5 ; 0.2 ; 0 ; 1 ; 1 ; 1 ; 1 ; 1 ;
j6045_4.sm ; 2048.276 ; 48 ; 5 ; 6746 ; 11943 ; 233 ; 22 ; 17.7221 ; 0.36921 ; 18 ; 0.375 ; 1 ; 0.5 ; 0.2 ; 0 ; 1 ; 1 ; 1 ; 1 ; 1 ;
j6045_5.sm ; 2286.166 ; 46 ; 5 ; 7243 ; 13499 ; 240 ; 17 ; 15.8642 ; 0.344874 ; 16 ; 0.348 ; 1 ; 0.5 ; 0.2 ; 0 ; 1 ; 1 ; 1 ; 1 ; 1 ;
j6045_6.sm ; 4516.588 ; 64 ; 9 ; 8609 ; 20168 ; 1449 ; 12 ; 20.7901 ; 0.324846 ; 21 ; 0.328 ; 1 ; 0.5 ; 0.2 ; 0 ; 1 ; 1 ; 1 ; 1 ; 1 ;
j6045_7.sm ; 3611.667 ; 48 ; 1 ; 7176 ; 19566 ; 1703 ; 25 ; 14.5842 ; 0.303838 ; 15 ; 0.313 ; 1 ; 0.5 ; 0.2 ; 0 ; 1 ; 1 ; 1 ; 1 ; 1 ;
j6045_8.sm ; 2079.915 ; 50 ; 10 ; 6364 ; 14498 ; 69 ; 19 ; 18.3851 ; 0.367702 ; 19 ; 0.380 ; 1 ; 0.5 ; 0.2 ; 0 ; 1 ; 1 ; 1 ; 1 ; 1 ;
j6045_9.sm ; 2400.762 ; 45 ; 0 ; 6732 ; 15746 ; 314 ; 22 ; 14.374 ; 0.319421 ; 15 ; 0.333 ; 1 ; 0.5 ; 0.2 ; 0 ; 1 ; 1 ; 1 ; 1 ; 1 ;
j6045_10.sm ; 3019.968 ; 53 ; 9 ; 7533 ; 17384 ; 252 ; 2.10E+01 ; 1.83E+01 ; 0.344356 ; 19 ; 0.358 ; 1 ; 0.5 ; 0.2 ; 0 ; 1 ; 1 ; 1 ; 1 ; 1 ;
j6046_1.sm ; 1499.378 ; 39 ; 45 ; 3205 ; 3586 ; 75 ; 88 ; 0 ; 0 ; 0 ; 0.000 ; 1 ; 0.5 ; 0.2 ; 0 ; 1 ; 1 ; 1 ; 1 ; 1 ;
j6046_2.sm ; 163.528 ; 36 ; 12 ; 3032 ; 1610 ; 9 ; 36 ; 1.85E-13 ; 5.13E-15 ; 1 ; 0.028 ; 1 ; 0.5 ; 0.2 ; 0 ; 1 ; 1 ; 1 ; 1 ; 1 ;
j6046_3.sm ; 2186.674 ; 35 ; 56 ; 4031 ; 5201 ; 105 ; 103 ; 0 ; 0 ; 0 ; 0.000 ; 1 ; 0.5 ; 0.2 ; 0 ; 1 ; 1 ; 1 ; 1 ; 1 ;
j6046_4.sm ; 622.579 ; 43 ; 1 ; 3127 ; 3586 ; 24 ; 41 ; 1.42E-14 ; 3.30E-16 ; 1 ; 0.023 ; 1 ; 0.5 ; 0.2 ; 0 ; 1 ; 1 ; 1 ; 1 ; 1 ;
j6046_5.sm ; 577.464 ; 32 ; 4 ; 3193 ; 8248 ; 1 ; 15 ; 1.95792 ; 0.0611852 ; 2 ; 0.063 ; 1 ; 0.5 ; 0.2 ; 0 ; 1 ; 1 ; 1 ; 1 ; 1 ;
j6046_6.sm ; 2232.836 ; 27 ; 142 ; 2829 ; 5408 ; 224 ; 115 ; 1.42E-14 ; 5.26E-16 ; 1 ; 0.037 ; 1 ; 0.5 ; 0.2 ; 0 ; 1 ; 1 ; 1 ; 1 ; 1 ;
j6046_7.sm ; 1774.796 ; 39 ; 9 ; 4156 ; 5647 ; 95 ; 102 ; 0 ; 0 ; 0 ; 0.000 ; 1 ; 0.5 ; 0.2 ; 0 ; 1 ; 1 ; 1 ; 1 ; 1 ;
j6046_8.sm ; 604.197 ; 42 ; 9 ; 2458 ; 3973 ; 6 ; 32 ; 1.71E-13 ; 4.06E-15 ; 1 ; 0.024 ; 1 ; 0.5 ; 0.2 ; 0 ; 1 ; 1 ; 1 ; 1 ; 1 ;
j6046_9.sm ; 1312.252 ; 54 ; 10 ; 5854 ; 12053 ; 0 ; 1.60E+01 ; 3.32E+00 ; 0.0614544 ; 4 ; 0.074 ; 1 ; 0.5 ; 0.2 ; 0 ; 1 ; 1 ; 1 ; 1 ; 1 ;
j6046_10.sm ; 394.608 ; 35 ; 17 ; 3478 ; 4826 ; 31 ; 13 ; 0.96947 ; 0.0276991 ; 1 ; 0.029 ; 1 ; 0.5 ; 0.2 ; 0 ; 1 ; 1 ; 1 ; 1 ; 1 ;
j6047_1.sm ; 208.421 ; 43 ; 0 ; 2560 ; 419 ; 1 ; 13 ; 0 ; 0 ; 0 ; 0.000 ; 1 ; 0.5 ; 0.2 ; 0 ; 1 ; 1 ; 1 ; 1 ; 1 ;
j6047_2.sm ; 244.399 ; 48 ; 8 ; 2709 ; 880 ; 2 ; 1.60E+01 ; 0.00E+00 ; 0 ; 0 ; 0.000 ; 1 ; 0.5 ; 0.2 ; 0 ; 1 ; 1 ; 1 ; 1 ; 1 ;
j6047_3.sm ; 361.497 ; 45 ; 29 ; 3115 ; 1734 ; 0 ; 34 ; 1.42E-14 ; 3.16E-16 ; 1 ; 0.022 ; 1 ; 0.5 ; 0.2 ; 0 ; 1 ; 1 ; 1 ; 1 ; 1 ;
j6047_4.sm ; 223.183 ; 38 ; 2 ; 2599 ; 258 ; 10 ; 20 ; 0 ; 0 ; 0 ; 0.000 ; 1 ; 0.5 ; 0.2 ; 0 ; 1 ; 1 ; 1 ; 1 ; 1 ;
j6047_5.sm ; 535.154 ; 27 ; 20 ; 2457 ; 934 ; 8 ; 35 ; 0 ; 0 ; 0 ; 0.000 ; 1 ; 0.5 ; 0.2 ; 0 ; 1 ; 1 ; 1 ; 1 ; 1 ;
j6047_6.sm ; 494.666 ; 38 ; 10 ; 3067 ; 528 ; 13 ; 27 ; 0 ; 0 ; 0 ; 0.000 ; 1 ; 0.5 ; 0.2 ; 0 ; 1 ; 1 ; 1 ; 1 ; 1 ;
j6047_7.sm ; 269.532 ; 46 ; 0 ; 2335 ; 502 ; 1 ; 19 ; 0 ; 0 ; 0 ; 0.000 ; 1 ; 0.5 ; 0.2 ; 0 ; 1 ; 1 ; 1 ; 1 ; 1 ;
j6047_8.sm ; 596.663 ; 43 ; 4 ; 2788 ; 989 ; 14 ; 19 ; 5.68E-14 ; 1.32E-15 ; 1 ; 0.023 ; 1 ; 0.5 ; 0.2 ; 0 ; 1 ; 1 ; 1 ; 1 ; 1 ;
j6047_9.sm ; 635.892 ; 38 ; 22 ; 3219 ; 964 ; 17 ; 45 ; 0 ; 0 ; 0 ; 0.000 ; 1 ; 0.5 ; 0.2 ; 0 ; 1 ; 1 ; 1 ; 1 ; 1 ;
j6047_10.sm ; 568.478 ; 48 ; 21 ; 2342 ; 1084 ; 9 ; 41 ; -1.42E-14 ; -2.96E-16 ; 0 ; 0.000 ; 1 ; 0.5 ; 0.2 ; 0 ; 1 ; 1 ; 1 ; 1 ; 1 ;
j6048_2.sm ; 1.499 ; 27 ; 0 ; 57 ; 0 ; 0 ; 1 ; 0 ; 0 ; 0 ; 0.000 ; 1 ; 0.5 ; 0.2 ; 0 ; 1 ; 1 ; 1 ; 1 ; 1 ;
j6048_3.sm ; 0.875 ; 30 ; 0 ; 0 ; 0 ; 0 ; 1 ; 0 ; 0 ; 0 ; 0.000 ; 1 ; 0.5 ; 0.2 ; 0 ; 1 ; 1 ; 1 ; 1 ; 1 ;
j6048_4.sm ; 4.048 ; 52 ; 0 ; 291 ; 5 ; 0 ; 3 ; 0 ; 0 ; 0 ; 0.000 ; 1 ; 0.5 ; 0.2 ; 0 ; 1 ; 1 ; 1 ; 1 ; 1 ;
j6048_5.sm ; 1.513 ; 13 ; 0 ; 26830115 ; 1 ; 0 ; 2 ; 0 ; 0 ; 0 ; 0.000 ; 1 ; 0.5 ; 0.2 ; 0 ; 1 ; 1 ; 1 ; 1 ; 1 ;
j6048_6.sm ; 1.227 ; 48 ; 0 ; 57 ; 0 ; 0 ; 1 ; 0 ; 0 ; 0 ; 0.000 ; 1 ; 0.5 ; 0.2 ; 0 ; 1 ; 1 ; 1 ; 1 ; 1 ;
j6048_7.sm ; 2.070 ; 37 ; 0 ; 57 ; 1 ; 0 ; 3 ; 0 ; 0 ; 0 ; 0.000 ; 1 ; 0.5 ; 0.2 ; 0 ; 1 ; 1 ; 1 ; 1 ; 1 ;
j6048_8.sm ; 0.847 ; 26 ; 0 ; 57 ; 0 ; 0 ; 1 ; 0 ; 0 ; 0 ; 0.000 ; 1 ; 0.5 ; 0.2 ; 0 ; 1 ; 1 ; 1 ; 1 ; 1 ;
j6048_9.sm ; 12.703 ; 32 ; 0 ; 0 ; 0 ; 0 ; 1 ; 0 ; 0 ; 0 ; 0.000 ; 1 ; 0.5 ; 0.2 ; 0 ; 1 ; 1 ; 1 ; 1 ; 1 ;
j6048_10.sm ; 1.583 ; 44 ; 0 ; 0 ; 0 ; 0 ; 1 ; 0 ; 0 ; 0 ; 0.000 ; 1 ; 0.5 ; 0.2 ; 0 ; 1 ; 1 ; 1 ; 1 ; 1 ;
j905_3.sm ; 2380.401 ; 25 ; 18 ; 5213 ; 13929 ; 214 ; 74 ; 7.16135 ; 0.286454 ; 8 ; 0.320 ; 1 ; 0.5 ; 0.2 ; 0 ; 1 ; 1 ; 1 ; 1 ; 1 ;
j905_4.sm ; 1119.352 ; 13 ; 22 ; 3404 ; 6587 ; 464 ; 46 ; 1.3659 ; 0.105069 ; 2 ; 0.154 ; 1 ; 0.5 ; 0.2 ; 0 ; 1 ; 1 ; 1 ; 1 ; 1 ;
j905_5.sm ; 3651.045 ; 32 ; 6 ; 5401 ; 19727 ; 2157 ; 26 ; 16.2143 ; 0.506697 ; 17 ; 0.531 ; 1 ; 0.5 ; 0.2 ; 0 ; 1 ; 1 ; 1 ; 1 ; 1 ;
j905_6.sm ; 2094.014 ; 11 ; 21 ; 3342 ; 10825 ; 978 ; 111 ; 3.96233 ; 0.360212 ; 4 ; 0.364 ; 1 ; 0.5 ; 0.2 ; 0 ; 1 ; 1 ; 1 ; 1 ; 1 ;
j905_7.sm ; 2692.302 ; 28 ; 25 ; 5676 ; 10771 ; 596 ; 75 ; 10.5818 ; 0.377922 ; 11 ; 0.393 ; 1 ; 0.5 ; 0.2 ; 0 ; 1 ; 1 ; 1 ; 1 ; 1 ;
j905_8.sm ; 1235.148 ; 27 ; 9 ; 5120 ; 11230 ; 109 ; 14 ; 7.28718 ; 0.269895 ; 8 ; 0.296 ; 1 ; 0.5 ; 0.2 ; 0 ; 1 ; 1 ; 1 ; 1 ; 1 ;
j905_9.sm ; 3617.846 ; 21 ; 56 ; 4287 ; 11778 ; 1745 ; 93 ; 1.51789 ; 0.0722804 ; 2 ; 0.095 ; 1 ; 0.5 ; 0.2 ; 0 ; 1 ; 1 ; 1 ; 1 ; 1 ;
j905_10.sm ; 3608.992 ; 18 ; 87 ; 4326 ; 15919 ; 687 ; 129 ; 6.02525 ; 0.334736 ; 7 ; 0.389 ; 1 ; 0.5 ; 0.2 ; 0 ; 1 ; 1 ; 1 ; 1 ; 1 ;
j909_1.sm ; 815.997 ; 24 ; 5 ; 4436 ; 8021 ; 6 ; 14 ; 7.81722 ; 0.325718 ; 8 ; 0.333 ; 1 ; 0.5 ; 0.2 ; 0 ; 1 ; 1 ; 1 ; 1 ; 1 ;
j909_2.sm ; 3648.891 ; 36 ; 2 ; 7034 ; 16965 ; 158 ; 11 ; 8.91506 ; 0.24764 ; 9 ; 0.250 ; 1 ; 0.5 ; 0.2 ; 0 ; 1 ; 1 ; 1 ; 1 ; 1 ;
j909_3.sm ; 1528.171 ; 35 ; 4 ; 5140 ; 6200 ; 290 ; 48 ; 15.9757 ; 0.456447 ; 16 ; 0.457 ; 1 ; 0.5 ; 0.2 ; 0 ; 1 ; 1 ; 1 ; 1 ; 1 ;
j909_4.sm ; 3547.735 ; 46 ; 6 ; 7451 ; 16471 ; 152 ; 22 ; 16.8577 ; 0.366473 ; 17 ; 0.370 ; 1 ; 0.5 ; 0.2 ; 0 ; 1 ; 1 ; 1 ; 1 ; 1 ;
j909_5.sm ; 3667.016 ; 51 ; 13 ; 9187 ; 13912 ; 143 ; 10 ; 13.6297 ; 0.267249 ; 14 ; 0.275 ; 1 ; 0.5 ; 0.2 ; 0 ; 1 ; 1 ; 1 ; 1 ; 1 ;
j909_6.sm ; 2854.072 ; 31 ; 9 ; 5914 ; 16441 ; 499 ; 31 ; 6.41883 ; 0.207059 ; 7 ; 0.226 ; 1 ; 0.5 ; 0.2 ; 0 ; 1 ; 1 ; 1 ; 1 ; 1 ;
j909_7.sm ; 1914.089 ; 35 ; 1 ; 6456 ; 12202 ; 67 ; 16 ; 8.48729 ; 0.242494 ; 9 ; 0.257 ; 1 ; 0.5 ; 0.2 ; 0 ; 1 ; 1 ; 1 ; 1 ; 1 ;
j909_8.sm ; 3690.730 ; 41 ; 5 ; 6923 ; 18326 ; 212 ; 14 ; 11.808 ; 0.287999 ; 12 ; 0.293 ; 1 ; 0.5 ; 0.2 ; 0 ; 1 ; 1 ; 1 ; 1 ; 1 ;
j909_9.sm ; 3202.682 ; 39 ; 2 ; 7626 ; 15816 ; 22 ; 15 ; 9.85597 ; 0.252717 ; 10 ; 0.256 ; 1 ; 0.5 ; 0.2 ; 0 ; 1 ; 1 ; 1 ; 1 ; 1 ;
j909_10.sm ; 3021.016 ; 34 ; 6 ; 6645 ; 17175 ; 255 ; 21 ; 9.47748 ; 0.278749 ; 10 ; 0.294 ; 1 ; 0.5 ; 0.2 ; 0 ; 1 ; 1 ; 1 ; 1 ; 1 ;
j9013_1.sm ; 4643.700 ; 56 ; 0 ; 11095 ; 14363 ; 116 ; 11 ; 15.5318 ; 0.277354 ; 16 ; 0.286 ; 1 ; 0.5 ; 0.2 ; 0 ; 1 ; 1 ; 1 ; 1 ; 1 ;
j9013_2.sm ; 4498.915 ; 50 ; 0 ; 9149 ; 17930 ; 3 ; 11 ; 18.8723 ; 0.377445 ; 19 ; 0.380 ; 1 ; 0.5 ; 0.2 ; 0 ; 1 ; 1 ; 1 ; 1 ; 1 ;
j9013_3.sm ; 2610.910 ; 28 ; 1 ; 6240 ; 17359 ; 3 ; 21 ; 11.6695 ; 0.416768 ; 12 ; 0.429 ; 1 ; 0.5 ; 0.2 ; 0 ; 1 ; 1 ; 1 ; 1 ; 1 ;
j9013_4.sm ; 2358.710 ; 31 ; 0 ; 6769 ; 14616 ; 1 ; 16 ; 10.6848 ; 0.34467 ; 11 ; 0.355 ; 1 ; 0.5 ; 0.2 ; 0 ; 1 ; 1 ; 1 ; 1 ; 1 ;
j9013_5.sm ; 1958.050 ; 36 ; 1 ; 7432 ; 11160 ; 0 ; 19 ; 13.5741 ; 0.377059 ; 14 ; 0.389 ; 1 ; 0.5 ; 0.2 ; 0 ; 1 ; 1 ; 1 ; 1 ; 1 ;
j9013_6.sm ; 4615.145 ; 48 ; 0 ; 9045 ; 18503 ; 41 ; 12 ; 16.8096 ; 0.350201 ; 17 ; 0.354 ; 1 ; 0.5 ; 0.2 ; 0 ; 1 ; 1 ; 1 ; 1 ; 1 ;
j9013_7.sm ; 4005.040 ; 35 ; 1 ; 8474 ; 18340 ; 22 ; 12 ; 7.81505 ; 0.223287 ; 8 ; 0.229 ; 1 ; 0.5 ; 0.2 ; 0 ; 1 ; 1 ; 1 ; 1 ; 1 ;
j9013_8.sm ; 4171.202 ; 58 ; 2 ; 10320 ; 15701 ; 0 ; 12 ; 24.6549 ; 0.425085 ; 25 ; 0.431 ; 1 ; 0.5 ; 0.2 ; 0 ; 1 ; 1 ; 1 ; 1 ; 1 ;
j9013_9.sm ; 2657.452 ; 42 ; 2 ; 8144 ; 13285 ; 40 ; 17 ; 16.2799 ; 0.387617 ; 17 ; 0.405 ; 1 ; 0.5 ; 0.2 ; 0 ; 1 ; 1 ; 1 ; 1 ; 1 ;
j9013_10.sm ; 3642.073 ; 50 ; 0 ; 9830 ; 14379 ; 0 ; 11 ; 18.4939 ; 0.369877 ; 19 ; 0.380 ; 1 ; 0.5 ; 0.2 ; 0 ; 1 ; 1 ; 1 ; 1 ; 1 ;
j9021_1.sm ; 3798.239 ; 34 ; 31 ; 6168 ; 20995 ; 1256 ; 17 ; 8.5781 ; 0.252297 ; 9 ; 0.265 ; 1 ; 0.5 ; 0.2 ; 0 ; 1 ; 1 ; 1 ; 1 ; 1 ;
j9021_7.sm ; 2994.573 ; 18 ; 96 ; 4047 ; 13762 ; 2745 ; 90 ; 1.98193 ; 0.110107 ; 2 ; 0.111 ; 1 ; 0.5 ; 0.2 ; 0 ; 1 ; 1 ; 1 ; 1 ; 1 ;
j9021_8.sm ; 3778.791 ; 26 ; 25 ; 5771 ; 21463 ; 1233 ; 26 ; 7.81859 ; 0.300715 ; 8 ; 0.308 ; 1 ; 0.5 ; 0.2 ; 0 ; 1 ; 1 ; 1 ; 1 ; 1 ;
j9025_1.sm ; 3616.185 ; 30 ; 12 ; 7511 ; 15091 ; 183 ; 33 ; 9.08223 ; 0.302741 ; 10 ; 0.333 ; 1 ; 0.5 ; 0.2 ; 0 ; 1 ; 1 ; 1 ; 1 ; 1 ;
j9025_2.sm ; 4823.124 ; 48 ; 5 ; 9387 ; 19825 ; 299 ; 12 ; 20.1901 ; 0.420627 ; 21 ; 0.438 ; 1 ; 0.5 ; 0.2 ; 0 ; 1 ; 1 ; 1 ; 1 ; 1 ;
j9025_3.sm ; 4344.910 ; 46 ; 7 ; 10470 ; 16158 ; 233 ; 11 ; 14.4612 ; 0.314373 ; 15 ; 0.326 ; 1 ; 0.5 ; 0.2 ; 0 ; 1 ; 1 ; 1 ; 1 ; 1 ;
j9025_4.sm ; 3730.093 ; 43 ; 11 ; 10450 ; 13665 ; 80 ; 11 ; 14.2651 ; 0.331747 ; 15 ; 0.349 ; 1 ; 0.5 ; 0.2 ; 0 ; 1 ; 1 ; 1 ; 1 ; 1 ;
j9025_5.sm ; 3968.160 ; 43 ; 12 ; 9190 ; 18116 ; 92 ; 11 ; 16.2024 ; 0.3768 ; 17 ; 0.395 ; 1 ; 0.5 ; 0.2 ; 0 ; 1 ; 1 ; 1 ; 1 ; 1 ;
j9025_6.sm ; 3211.151 ; 42 ; 0 ; 7457 ; 15439 ; 86 ; 35 ; 20.0129 ; 0.476497 ; 21 ; 0.500 ; 1 ; 0.5 ; 0.2 ; 0 ; 1 ; 1 ; 1 ; 1 ; 1 ;
j9025_7.sm ; 3670.828 ; 53 ; 2 ; 10268 ; 13707 ; 100 ; 10 ; 20.1164 ; 0.379554 ; 21 ; 0.396 ; 1 ; 0.5 ; 0.2 ; 0 ; 1 ; 1 ; 1 ; 1 ; 1 ;
j9025_8.sm ; 4617.864 ; 39 ; 13 ; 7982 ; 18902 ; 102 ; 13 ; 10.8674 ; 0.278651 ; 11 ; 0.282 ; 1 ; 0.5 ; 0.2 ; 0 ; 1 ; 1 ; 1 ; 1 ; 1 ;
j9025_9.sm ; 1375.984 ; 26 ; 3 ; 4624 ; 11789 ; 79 ; 20 ; 9.69782 ; 0.372993 ; 10 ; 0.385 ; 1 ; 0.5 ; 0.2 ; 0 ; 1 ; 1 ; 1 ; 1 ; 1 ;
j9025_10.sm ; 3603.251 ; 34 ; 7 ; 7193 ; 17048 ; 171 ; 27 ; 8.83918 ; 0.259976 ; 9 ; 0.265 ; 1 ; 0.5 ; 0.2 ; 0 ; 1 ; 1 ; 1 ; 1 ; 1 ;
j9026_5.sm ; 628.294 ; 3 ; 27 ; 2034 ; 3212 ; 50 ; 90 ; -3.69E-13 ; -1.23E-13 ; 0 ; 0.000 ; 1 ; 0.5 ; 0.2 ; 0 ; 1 ; 1 ; 1 ; 1 ; 1 ;
j9029_1.sm ; 4221.475 ; 39 ; 11 ; 8472 ; 19057 ; 57 ; 13 ; 18.9816 ; 0.486707 ; 19 ; 0.487 ; 1 ; 0.5 ; 0.2 ; 0 ; 1 ; 1 ; 1 ; 1 ; 1 ;
j9029_2.sm ; 3349.131 ; 50 ; 2 ; 9935 ; 13083 ; 31 ; 17 ; 24.3497 ; 0.486993 ; 25 ; 0.500 ; 1 ; 0.5 ; 0.2 ; 0 ; 1 ; 1 ; 1 ; 1 ; 1 ;
j9029_3.sm ; 3801.267 ; 57 ; 2 ; 11047 ; 12292 ; 73 ; 10 ; 19.9681 ; 0.350318 ; 20 ; 0.351 ; 1 ; 0.5 ; 0.2 ; 0 ; 1 ; 1 ; 1 ; 1 ; 1 ;
j9029_4.sm ; 3624.229 ; 62 ; 2 ; 10626 ; 11953 ; 50 ; 9 ; 22.36 ; 0.360646 ; 23 ; 0.371 ; 1 ; 0.5 ; 0.2 ; 0 ; 1 ; 1 ; 1 ; 1 ; 1 ;
j9029_5.sm ; 3474.313 ; 25 ; 5 ; 7711 ; 18326 ; 50 ; 16 ; 5.72643 ; 0.229057 ; 6 ; 0.240 ; 1 ; 0.5 ; 0.2 ; 0 ; 1 ; 1 ; 1 ; 1 ; 1 ;
j9029_6.sm ; 4474.568 ; 47 ; 4 ; 10101 ; 17205 ; 25 ; 11 ; 15.1822 ; 0.323026 ; 16 ; 0.340 ; 1 ; 0.5 ; 0.2 ; 0 ; 1 ; 1 ; 1 ; 1 ; 1 ;
j9029_7.sm ; 4466.749 ; 67 ; 9 ; 11168 ; 11265 ; 190 ; 9 ; 12.4904 ; 0.186424 ; 13 ; 0.194 ; 1 ; 0.5 ; 0.2 ; 0 ; 1 ; 1 ; 1 ; 1 ; 1 ;
j9029_8.sm ; 4871.001 ; 61 ; 0 ; 12127 ; 13674 ; 19 ; 10 ; 22.8093 ; 0.373922 ; 23 ; 0.377 ; 1 ; 0.5 ; 0.2 ; 0 ; 1 ; 1 ; 1 ; 1 ; 1 ;
j9029_9.sm ; 3887.594 ; 46 ; 3 ; 10054 ; 15346 ; 9 ; 11 ; 15.3789 ; 0.334324 ; 16 ; 0.348 ; 1 ; 0.5 ; 0.2 ; 0 ; 1 ; 1 ; 1 ; 1 ; 1 ;
j9029_10.sm ; 4068.384 ; 44 ; 0 ; 8469 ; 19569 ; 1 ; 12 ; 18.4068 ; 0.418335 ; 19 ; 0.432 ; 1 ; 0.5 ; 0.2 ; 0 ; 1 ; 1 ; 1 ; 1 ; 1 ;
j9030_9.sm ; 310.479 ; 12 ; 0 ; 2581 ; 7464 ; 0 ; 34 ; 5.50621 ; 0.458851 ; 6 ; 0.500 ; 1 ; 0.5 ; 0.2 ; 0 ; 1 ; 1 ; 1 ; 1 ; 1 ;
j9037_2.sm ; 3709.985 ; 25 ; 30 ; 5269 ; 22825 ; 1037 ; 28 ; 5.26925 ; 0.21077 ; 6 ; 0.240 ; 1 ; 0.5 ; 0.2 ; 0 ; 1 ; 1 ; 1 ; 1 ; 1 ;
j9037_6.sm ; 4609.025 ; 35 ; 16 ; 7517 ; 24459 ; 453 ; 14 ; 12.7102 ; 0.363147 ; 13 ; 0.371 ; 1 ; 0.5 ; 0.2 ; 0 ; 1 ; 1 ; 1 ; 1 ; 1 ;
j9041_1.sm ; 4384.490 ; 40 ; 15 ; 9283 ; 17417 ; 533 ; 11 ; 11.2402 ; 0.281005 ; 12 ; 0.300 ; 1 ; 0.5 ; 0.2 ; 0 ; 1 ; 1 ; 1 ; 1 ; 1 ;
j9041_2.sm ; 3852.243 ; 60 ; 23 ; 10901 ; 11649 ; 802 ; 9 ; 13.9034 ; 0.231723 ; 14 ; 0.233 ; 1 ; 0.5 ; 0.2 ; 0 ; 1 ; 1 ; 1 ; 1 ; 1 ;
j9041_3.sm ; 4165.428 ; 55 ; 14 ; 11114 ; 12592 ; 513 ; 10 ; 16.2297 ; 0.295086 ; 17 ; 0.309 ; 1 ; 0.5 ; 0.2 ; 0 ; 1 ; 1 ; 1 ; 1 ; 1 ;
j9041_4.sm ; 3651.569 ; 69 ; 3 ; 10957 ; 11378 ; 74 ; 9 ; 22.7914 ; 0.330311 ; 23 ; 0.333 ; 1 ; 0.5 ; 0.2 ; 0 ; 1 ; 1 ; 1 ; 1 ; 1 ;
j9041_5.sm ; 4179.125 ; 38 ; 8 ; 9532 ; 17641 ; 421 ; 11 ; 9.82975 ; 0.258678 ; 10 ; 0.263 ; 1 ; 0.5 ; 0.2 ; 0 ; 1 ; 1 ; 1 ; 1 ; 1 ;
j9041_6.sm ; 3673.287 ; 49 ; 1 ; 9608 ; 16017 ; 29 ; 12 ; 18.6849 ; 0.381324 ; 19 ; 0.388 ; 1 ; 0.5 ; 0.2 ; 0 ; 1 ; 1 ; 1 ; 1 ; 1 ;
j9041_7.sm ; 4321.115 ; 52 ; 14 ; 11236 ; 14342 ; 214 ; 10 ; 19.5588 ; 0.376131 ; 20 ; 0.385 ; 1 ; 0.5 ; 0.2 ; 0 ; 1 ; 1 ; 1 ; 1 ; 1 ;
j9041_8.sm ; 4462.599 ; 55 ; 11 ; 12388 ; 13149 ; 203 ; 10 ; 13.9941 ; 0.254438 ; 14 ; 0.255 ; 1 ; 0.5 ; 0.2 ; 0 ; 1 ; 1 ; 1 ; 1 ; 1 ;
j9041_9.sm ; 3646.411 ; 42 ; 5 ; 9758 ; 17632 ; 11 ; 11 ; 16.1879 ; 0.385426 ; 17 ; 0.405 ; 1 ; 0.5 ; 0.2 ; 0 ; 1 ; 1 ; 1 ; 1 ; 1 ;
j9041_10.sm ; 4351.761 ; 45 ; 14 ; 9669 ; 17361 ; 241 ; 10 ; 17.3583 ; 0.38574 ; 18 ; 0.400 ; 1 ; 0.5 ; 0.2 ; 0 ; 1 ; 1 ; 1 ; 1 ; 1 ;
j9045_1.sm ; 3841.939 ; 53 ; 3 ; 8421 ; 16896 ; 37 ; 13 ; 29.278 ; 0.552416 ; 30 ; 0.566 ; 1 ; 0.5 ; 0.2 ; 0 ; 1 ; 1 ; 1 ; 1 ; 1 ;
j9045_2.sm ; 4313.078 ; 59 ; 1 ; 11618 ; 13104 ; 42 ; 10 ; 21.753 ; 0.368694 ; 22 ; 0.373 ; 1 ; 0.5 ; 0.2 ; 0 ; 1 ; 1 ; 1 ; 1 ; 1 ;
j9045_3.sm ; 5079.539 ; 53 ; 10 ; 12430 ; 13823 ; 35 ; 11 ; 15.3184 ; 0.289026 ; 16 ; 0.302 ; 1 ; 0.5 ; 0.2 ; 0 ; 1 ; 1 ; 1 ; 1 ; 1 ;
j9045_4.sm ; 4139.948 ; 59 ; 3 ; 11526 ; 13998 ; 117 ; 10 ; 23.3084 ; 0.395058 ; 24 ; 0.407 ; 1 ; 0.5 ; 0.2 ; 0 ; 1 ; 1 ; 1 ; 1 ; 1 ;
j9045_5.sm ; 4601.592 ; 76 ; 2 ; 11534 ; 11829 ; 121 ; 9 ; 26.7659 ; 0.352183 ; 27 ; 0.355 ; 1 ; 0.5 ; 0.2 ; 0 ; 1 ; 1 ; 1 ; 1 ; 1 ;
j9045_6.sm ; 3705.390 ; 68 ; 5 ; 10580 ; 10650 ; 801 ; 9 ; 23.8834 ; 0.351227 ; 24 ; 0.353 ; 1 ; 0.5 ; 0.2 ; 0 ; 1 ; 1 ; 1 ; 1 ; 1 ;
j9045_7.sm ; 3802.748 ; 93 ; 3 ; 9947 ; 10110 ; 19 ; 10 ; 20.8089 ; 0.223752 ; 21 ; 0.226 ; 1 ; 0.5 ; 0.2 ; 0 ; 1 ; 1 ; 1 ; 1 ; 1 ;
j9045_8.sm ; 4443.637 ; 77 ; 5 ; 11330 ; 11545 ; 72 ; 10 ; 20.9166 ; 0.271644 ; 21 ; 0.273 ; 1 ; 0.5 ; 0.2 ; 0 ; 1 ; 1 ; 1 ; 1 ; 1 ;
j9045_9.sm ; 5515.861 ; 78 ; 7 ; 12525 ; 12882 ; 80 ; 10 ; 19.1031 ; 0.244912 ; 20 ; 0.256 ; 1 ; 0.5 ; 0.2 ; 0 ; 1 ; 1 ; 1 ; 1 ; 1 ;
j9045_10.sm ; 4683.079 ; 86 ; 3 ; 11266 ; 11796 ; 68 ; 10 ; 25.4976 ; 0.296484 ; 26 ; 0.302 ; 1 ; 0.5 ; 0.2 ; 0 ; 1 ; 1 ; 1 ; 1 ; 1 ;
j9046_1.sm ; 3606.169 ; 71 ; 75 ; 7493 ; 6094 ; 48 ; 105 ; -1.42E-14 ; -2.00E-16 ; 0 ; 0.000 ; 1 ; 0.5 ; 0.2 ; 0 ; 1 ; 1 ; 1 ; 1 ; 1 ;
j9046_2.sm ; 3645.922 ; 76 ; 3 ; 8473 ; 11667 ; 15 ; 19 ; 0 ; 0 ; 0 ; 0.000 ; 1 ; 0.5 ; 0.2 ; 0 ; 1 ; 1 ; 1 ; 1 ; 1 ;
j9046_3.sm ; 1395.157 ; 62 ; 25 ; 5869 ; 2984 ; 21 ; 80 ; 0 ; 0 ; 0 ; 0.000 ; 1 ; 0.5 ; 0.2 ; 0 ; 1 ; 1 ; 1 ; 1 ; 1 ;
j9046_4.sm ; 4679.649 ; 86 ; 1 ; 8034 ; 15469 ; 3 ; 11 ; 0.460806 ; 0.00535821 ; 1 ; 0.012 ; 1 ; 0.5 ; 0.2 ; 0 ; 1 ; 1 ; 1 ; 1 ; 1 ;
j9046_5.sm ; 3613.306 ; 83 ; 10 ; 9029 ; 7487 ; 0 ; 65 ; -1.42E-14 ; -1.71E-16 ; 0 ; 0.000 ; 1 ; 0.5 ; 0.2 ; 0 ; 1 ; 1 ; 1 ; 1 ; 1 ;
j9046_6.sm ; 3604.833 ; 91 ; 2 ; 7910 ; 10247 ; 0 ; 63 ; 0 ; 0 ; 0 ; 0.000 ; 1 ; 0.5 ; 0.2 ; 0 ; 1 ; 1 ; 1 ; 1 ; 1 ;
j9046_7.sm ; 3612.274 ; 85 ; 33 ; 8024 ; 8573 ; 5 ; 157 ; -2.56E-13 ; -3.01E-15 ; 0 ; 0.000 ; 1 ; 0.5 ; 0.2 ; 0 ; 1 ; 1 ; 1 ; 1 ; 1 ;
j9046_8.sm ; 4960.617 ; 87 ; 3 ; 9892 ; 13461 ; 4 ; 11 ; 1.86409 ; 0.0214263 ; 2 ; 0.023 ; 1 ; 0.5 ; 0.2 ; 0 ; 1 ; 1 ; 1 ; 1 ; 1 ;
j9046_9.sm ; 5474.120 ; 100 ; 3 ; 11262 ; 13357 ; 0 ; 9 ; 6.17688 ; 0.0617688 ; 7 ; 0.070 ; 1 ; 0.5 ; 0.2 ; 0 ; 1 ; 1 ; 1 ; 1 ; 1 ;
j9046_10.sm ; 1239.083 ; 60 ; 104 ; 8073 ; 2374 ; 11 ; 48 ; 0 ; 0 ; 0 ; 0.000 ; 1 ; 0.5 ; 0.2 ; 0 ; 1 ; 1 ; 1 ; 1 ; 1 ;
j9047_1.sm ; 1004.143 ; 92 ; 0 ; 7085 ; 2550 ; 0 ; 23 ; 0 ; 0 ; 0 ; 0.000 ; 1 ; 0.5 ; 0.2 ; 0 ; 1 ; 1 ; 1 ; 1 ; 1 ;
j9047_2.sm ; 2738.965 ; 84 ; 3 ; 11151 ; 4075 ; 1 ; 42 ; 0 ; 0 ; 0 ; 0.000 ; 1 ; 0.5 ; 0.2 ; 0 ; 1 ; 1 ; 1 ; 1 ; 1 ;
j9047_3.sm ; 1853.990 ; 72 ; 43 ; 6824 ; 1074166453 ; 2 ; 167 ; 0 ; 0 ; 0 ; 0.000 ; 1 ; 0.5 ; 0.2 ; 0 ; 1 ; 1 ; 1 ; 1 ; 1 ;
j9047_4.sm ; 1204.909 ; 81 ; 17 ; 8978 ; 1607 ; 0 ; 32 ; 0 ; 0 ; 0 ; 0.000 ; 1 ; 0.5 ; 0.2 ; 0 ; 1 ; 1 ; 1 ; 1 ; 1 ;
j9047_5.sm ; 722.415 ; 81 ; 1 ; 6641 ; 979 ; 1 ; 21 ; 0 ; 0 ; 0 ; 0.000 ; 1 ; 0.5 ; 0.2 ; 0 ; 1 ; 1 ; 1 ; 1 ; 1 ;
j9047_6.sm ; 2445.448 ; 76 ; 3 ; 9836 ; 4728 ; 9 ; 79 ; 0 ; 0 ; 0 ; 0.000 ; 1 ; 0.5 ; 0.2 ; 0 ; 1 ; 1 ; 1 ; 1 ; 1 ;
j9047_7.sm ; 1049.624 ; 80 ; 0 ; 7003 ; 2853 ; 6 ; 24 ; 0 ; 0 ; 0 ; 0.000 ; 1 ; 0.5 ; 0.2 ; 0 ; 1 ; 1 ; 1 ; 1 ; 1 ;
j9047_8.sm ; 1236.516 ; 76 ; 0 ; 8102 ; 3112 ; 1 ; 16 ; 0 ; 0 ; 0 ; 0.000 ; 1 ; 0.5 ; 0.2 ; 0 ; 1 ; 1 ; 1 ; 1 ; 1 ;
j9047_9.sm ; 666.209 ; 88 ; 47 ; 6927 ; 769 ; 0 ; 16 ; 0 ; 0 ; 0 ; 0.000 ; 1 ; 0.5 ; 0.2 ; 0 ; 1 ; 1 ; 1 ; 1 ; 1 ;
j9047_10.sm ; 3254.837 ; 109 ; 1 ; 10871 ; 5157 ; 0 ; 70 ; 0 ; 0 ; 0 ; 0.000 ; 1 ; 0.5 ; 0.2 ; 0 ; 1 ; 1 ; 1 ; 1 ; 1 ;
j9048_1.sm ; 6.603 ; 91 ; 0 ; 57 ; 0 ; 0 ; 1 ; 0 ; 0 ; 0 ; 0.000 ; 1 ; 0.5 ; 0.2 ; 0 ; 1 ; 1 ; 1 ; 1 ; 1 ;
j9048_2.sm ; 26.048 ; 85 ; 0 ; 297 ; 6 ; 0 ; 5 ; 0 ; 0 ; 0 ; 0.000 ; 1 ; 0.5 ; 0.2 ; 0 ; 1 ; 1 ; 1 ; 1 ; 1 ;
j9048_3.sm ; 44.959 ; 88 ; 0 ; 262 ; 2 ; 0 ; 4 ; 0 ; 0 ; 0 ; 0.000 ; 1 ; 0.5 ; 0.2 ; 0 ; 1 ; 1 ; 1 ; 1 ; 1 ;
j9048_4.sm ; 24.220 ; 83 ; 0 ; 57 ; 0 ; 0 ; 1 ; 0 ; 0 ; 0 ; 0.000 ; 1 ; 0.5 ; 0.2 ; 0 ; 1 ; 1 ; 1 ; 1 ; 1 ;
j9048_5.sm ; 29.420 ; 99 ; 59 ; 362 ; 3 ; 0 ; 4 ; 0 ; 0 ; 0 ; 0.000 ; 1 ; 0.5 ; 0.2 ; 0 ; 1 ; 1 ; 1 ; 1 ; 1 ;
j9048_6.sm ; 4.106 ; 60 ; 57 ; 57 ; 0 ; 0 ; 1 ; 0 ; 0 ; 0 ; 0.000 ; 1 ; 0.5 ; 0.2 ; 0 ; 1 ; 1 ; 1 ; 1 ; 1 ;
j9048_7.sm ; 16.448 ; 71 ; 0 ; 252 ; 4 ; 0 ; 4 ; 0 ; 0 ; 0 ; 0.000 ; 1 ; 0.5 ; 0.2 ; 0 ; 1 ; 1 ; 1 ; 1 ; 1 ;
j9048_8.sm ; 7.964 ; 100 ; 0 ; 57 ; 0 ; 0 ; 1 ; 0 ; 0 ; 0 ; 0.000 ; 1 ; 0.5 ; 0.2 ; 0 ; 1 ; 1 ; 1 ; 1 ; 1 ;
j9048_9.sm ; 13.293 ; 85 ; 0 ; 12412477 ; 2 ; 0 ; 2 ; 0 ; 0 ; 0 ; 0.000 ; 1 ; 0.5 ; 0.2 ; 0 ; 1 ; 1 ; 1 ; 1 ; 1 ;
j9048_10.sm ; 6.298 ; 81 ; 0 ; 57 ; 0 ; 0 ; 1 ; 0 ; 0 ; 0 ; 0.000 ; 1 ; 0.5 ; 0.2 ; 0 ; 1 ; 1 ; 1 ; 1 ; 1 ;
