j301_1.mm ; 0.075 ; 0 ; 0 ; 0 ; 0 ; 0 ; 1 ; -1 ; 0 ; 0 ; -1.000 ; 1 ; 0.5 ; 0.2 ; 0 ; 1 ; 1 ; 1 ; 1 ; 1 ;
j301_2.mm ; 0.057 ; 0 ; 0 ; 0 ; 0 ; 0 ; 1 ; -1 ; 0 ; 0 ; -1.000 ; 1 ; 0.5 ; 0.2 ; 0 ; 1 ; 1 ; 1 ; 1 ; 1 ;
j301_3.mm ; 0.066 ; 0 ; 0 ; 0 ; 0 ; 0 ; 1 ; -1 ; 0 ; 0 ; -1.000 ; 1 ; 0.5 ; 0.2 ; 0 ; 1 ; 1 ; 1 ; 1 ; 1 ;
j301_4.mm ; 0.051 ; 0 ; 0 ; 0 ; 0 ; 0 ; 1 ; -1 ; 0 ; 0 ; -1.000 ; 1 ; 0.5 ; 0.2 ; 0 ; 1 ; 1 ; 1 ; 1 ; 1 ;
j301_5.mm ; 0.041 ; 0 ; 0 ; 0 ; 0 ; 0 ; 1 ; -1 ; 0 ; 0 ; -1.000 ; 1 ; 0.5 ; 0.2 ; 0 ; 1 ; 1 ; 1 ; 1 ; 1 ;
j301_6.mm ; 0.045 ; 0 ; 0 ; 0 ; 0 ; 0 ; 1 ; -1 ; 0 ; 0 ; -1.000 ; 1 ; 0.5 ; 0.2 ; 0 ; 1 ; 1 ; 1 ; 1 ; 1 ;
j301_7.mm ; 0.027 ; 0 ; 0 ; 0 ; 0 ; 0 ; 1 ; -1 ; 0 ; 0 ; -1.000 ; 1 ; 0.5 ; 0.2 ; 0 ; 1 ; 1 ; 1 ; 1 ; 1 ;
j301_8.mm ; 0.036 ; 0 ; 0 ; 0 ; 0 ; 0 ; 1 ; -1 ; 0 ; 0 ; -1.000 ; 1 ; 0.5 ; 0.2 ; 0 ; 1 ; 1 ; 1 ; 1 ; 1 ;
j301_9.mm ; 0.027 ; 0 ; 0 ; 0 ; 0 ; 0 ; 1 ; -1 ; 0 ; 0 ; -1.000 ; 1 ; 0.5 ; 0.2 ; 0 ; 1 ; 1 ; 1 ; 1 ; 1 ;
j301_10.mm ; 0.024 ; 0 ; 0 ; 0 ; 0 ; 0 ; 1 ; -1 ; 0 ; 0 ; -1.000 ; 1 ; 0.5 ; 0.2 ; 0 ; 1 ; 1 ; 1 ; 1 ; 1 ;
j302_1.mm ; 0.045 ; 0 ; 0 ; 0 ; 0 ; 0 ; 1 ; -1 ; 0 ; 0 ; -1.000 ; 1 ; 0.5 ; 0.2 ; 0 ; 1 ; 1 ; 1 ; 1 ; 1 ;
j302_2.mm ; 0.028 ; 0 ; 0 ; 0 ; 0 ; 0 ; 1 ; -1 ; 0 ; 0 ; -1.000 ; 1 ; 0.5 ; 0.2 ; 0 ; 1 ; 1 ; 1 ; 1 ; 1 ;
j302_3.mm ; 0.025 ; 0 ; 0 ; 0 ; 0 ; 0 ; 1 ; -1 ; 0 ; 0 ; -1.000 ; 1 ; 0.5 ; 0.2 ; 0 ; 1 ; 1 ; 1 ; 1 ; 1 ;
j302_4.mm ; 0.040 ; 0 ; 0 ; 0 ; 0 ; 0 ; 1 ; -1 ; 0 ; 0 ; -1.000 ; 1 ; 0.5 ; 0.2 ; 0 ; 1 ; 1 ; 1 ; 1 ; 1 ;
j302_5.mm ; 0.048 ; 0 ; 0 ; 0 ; 0 ; 0 ; 1 ; -1 ; 0 ; 0 ; -1.000 ; 1 ; 0.5 ; 0.2 ; 0 ; 1 ; 1 ; 1 ; 1 ; 1 ;
j302_6.mm ; 0.033 ; 0 ; 0 ; 0 ; 0 ; 0 ; 1 ; -1 ; 0 ; 0 ; -1.000 ; 1 ; 0.5 ; 0.2 ; 0 ; 1 ; 1 ; 1 ; 1 ; 1 ;
j302_7.mm ; 0.022 ; 0 ; 0 ; 0 ; 0 ; 0 ; 1 ; -1 ; 0 ; 0 ; -1.000 ; 1 ; 0.5 ; 0.2 ; 0 ; 1 ; 1 ; 1 ; 1 ; 1 ;
j302_8.mm ; 0.040 ; 0 ; 0 ; 0 ; 0 ; 0 ; 1 ; -1 ; 0 ; 0 ; -1.000 ; 1 ; 0.5 ; 0.2 ; 0 ; 1 ; 1 ; 1 ; 1 ; 1 ;
j302_9.mm ; 0.051 ; 0 ; 0 ; 0 ; 0 ; 0 ; 1 ; -1 ; 0 ; 0 ; -1.000 ; 1 ; 0.5 ; 0.2 ; 0 ; 1 ; 1 ; 1 ; 1 ; 1 ;
j302_10.mm ; 0.080 ; 0 ; 0 ; 0 ; 0 ; 0 ; 1 ; -1 ; 0 ; 0 ; -1.000 ; 1 ; 0.5 ; 0.2 ; 0 ; 1 ; 1 ; 1 ; 1 ; 1 ;
j303_1.mm ; 0.033 ; 0 ; 0 ; 0 ; 0 ; 0 ; 1 ; -1 ; 0 ; 0 ; -1.000 ; 1 ; 0.5 ; 0.2 ; 0 ; 1 ; 1 ; 1 ; 1 ; 1 ;
j303_2.mm ; 0.043 ; 0 ; 0 ; 0 ; 0 ; 0 ; 1 ; -1 ; 0 ; 0 ; -1.000 ; 1 ; 0.5 ; 0.2 ; 0 ; 1 ; 1 ; 1 ; 1 ; 1 ;
j303_3.mm ; 0.038 ; 0 ; 0 ; 0 ; 0 ; 0 ; 1 ; -1 ; 0 ; 0 ; -1.000 ; 1 ; 0.5 ; 0.2 ; 0 ; 1 ; 1 ; 1 ; 1 ; 1 ;
j303_4.mm ; 0.056 ; 0 ; 0 ; 0 ; 0 ; 0 ; 1 ; -1 ; 0 ; 0 ; -1.000 ; 1 ; 0.5 ; 0.2 ; 0 ; 1 ; 1 ; 1 ; 1 ; 1 ;
j303_5.mm ; 0.039 ; 0 ; 0 ; 0 ; 0 ; 0 ; 1 ; -1 ; 0 ; 0 ; -1.000 ; 1 ; 0.5 ; 0.2 ; 0 ; 1 ; 1 ; 1 ; 1 ; 1 ;
j303_6.mm ; 0.033 ; 0 ; 0 ; 0 ; 0 ; 0 ; 1 ; -1 ; 0 ; 0 ; -1.000 ; 1 ; 0.5 ; 0.2 ; 0 ; 1 ; 1 ; 1 ; 1 ; 1 ;
j303_7.mm ; 0.039 ; 0 ; 0 ; 0 ; 0 ; 0 ; 1 ; -1 ; 0 ; 0 ; -1.000 ; 1 ; 0.5 ; 0.2 ; 0 ; 1 ; 1 ; 1 ; 1 ; 1 ;
j303_8.mm ; 0.033 ; 0 ; 0 ; 0 ; 0 ; 0 ; 1 ; -1 ; 0 ; 0 ; -1.000 ; 1 ; 0.5 ; 0.2 ; 0 ; 1 ; 1 ; 1 ; 1 ; 1 ;
j303_9.mm ; 0.067 ; 0 ; 0 ; 0 ; 0 ; 0 ; 1 ; -1 ; 0 ; 0 ; -1.000 ; 1 ; 0.5 ; 0.2 ; 0 ; 1 ; 1 ; 1 ; 1 ; 1 ;
j303_10.mm ; 0.035 ; 0 ; 0 ; 0 ; 0 ; 0 ; 1 ; -1 ; 0 ; 0 ; -1.000 ; 1 ; 0.5 ; 0.2 ; 0 ; 1 ; 1 ; 1 ; 1 ; 1 ;
j304_1.mm ; 0.030 ; 0 ; 0 ; 0 ; 0 ; 0 ; 1 ; -1 ; 0 ; 0 ; -1.000 ; 1 ; 0.5 ; 0.2 ; 0 ; 1 ; 1 ; 1 ; 1 ; 1 ;
j304_2.mm ; 0.025 ; 0 ; 0 ; 0 ; 0 ; 0 ; 1 ; -1 ; 0 ; 0 ; -1.000 ; 1 ; 0.5 ; 0.2 ; 0 ; 1 ; 1 ; 1 ; 1 ; 1 ;
j304_3.mm ; 0.035 ; 0 ; 0 ; 0 ; 0 ; 0 ; 1 ; -1 ; 0 ; 0 ; -1.000 ; 1 ; 0.5 ; 0.2 ; 0 ; 1 ; 1 ; 1 ; 1 ; 1 ;
j304_4.mm ; 0.039 ; 0 ; 0 ; 0 ; 0 ; 0 ; 1 ; -1 ; 0 ; 0 ; -1.000 ; 1 ; 0.5 ; 0.2 ; 0 ; 1 ; 1 ; 1 ; 1 ; 1 ;
j304_5.mm ; 0.082 ; 0 ; 0 ; 0 ; 0 ; 0 ; 1 ; -1 ; 0 ; 0 ; -1.000 ; 1 ; 0.5 ; 0.2 ; 0 ; 1 ; 1 ; 1 ; 1 ; 1 ;
j304_6.mm ; 0.030 ; 0 ; 0 ; 0 ; 0 ; 0 ; 1 ; -1 ; 0 ; 0 ; -1.000 ; 1 ; 0.5 ; 0.2 ; 0 ; 1 ; 1 ; 1 ; 1 ; 1 ;
j304_7.mm ; 0.027 ; 0 ; 0 ; 0 ; 0 ; 0 ; 1 ; -1 ; 0 ; 0 ; -1.000 ; 1 ; 0.5 ; 0.2 ; 0 ; 1 ; 1 ; 1 ; 1 ; 1 ;
j304_8.mm ; 0.040 ; 0 ; 0 ; 0 ; 0 ; 0 ; 1 ; -1 ; 0 ; 0 ; -1.000 ; 1 ; 0.5 ; 0.2 ; 0 ; 1 ; 1 ; 1 ; 1 ; 1 ;
j304_9.mm ; 0.044 ; 0 ; 0 ; 0 ; 0 ; 0 ; 1 ; -1 ; 0 ; 0 ; -1.000 ; 1 ; 0.5 ; 0.2 ; 0 ; 1 ; 1 ; 1 ; 1 ; 1 ;
j304_10.mm ; 0.038 ; 0 ; 0 ; 0 ; 0 ; 0 ; 1 ; -1 ; 0 ; 0 ; -1.000 ; 1 ; 0.5 ; 0.2 ; 0 ; 1 ; 1 ; 1 ; 1 ; 1 ;
j305_1.mm ; 0.054 ; 0 ; 0 ; 0 ; 0 ; 0 ; 1 ; -1 ; 0 ; 0 ; -1.000 ; 1 ; 0.5 ; 0.2 ; 0 ; 1 ; 1 ; 1 ; 1 ; 1 ;
j305_2.mm ; 0.048 ; 0 ; 0 ; 0 ; 0 ; 0 ; 1 ; -1 ; 0 ; 0 ; -1.000 ; 1 ; 0.5 ; 0.2 ; 0 ; 1 ; 1 ; 1 ; 1 ; 1 ;
j305_3.mm ; 0.055 ; 0 ; 0 ; 0 ; 0 ; 0 ; 1 ; -1 ; 0 ; 0 ; -1.000 ; 1 ; 0.5 ; 0.2 ; 0 ; 1 ; 1 ; 1 ; 1 ; 1 ;
j305_4.mm ; 0.071 ; 0 ; 0 ; 0 ; 0 ; 0 ; 1 ; -1 ; 0 ; 0 ; -1.000 ; 1 ; 0.5 ; 0.2 ; 0 ; 1 ; 1 ; 1 ; 1 ; 1 ;
j305_5.mm ; 0.020 ; 0 ; 0 ; 0 ; 0 ; 0 ; 1 ; -1 ; 0 ; 0 ; -1.000 ; 1 ; 0.5 ; 0.2 ; 0 ; 1 ; 1 ; 1 ; 1 ; 1 ;
j305_6.mm ; 0.064 ; 0 ; 0 ; 0 ; 0 ; 0 ; 1 ; -1 ; 0 ; 0 ; -1.000 ; 1 ; 0.5 ; 0.2 ; 0 ; 1 ; 1 ; 1 ; 1 ; 1 ;
j305_7.mm ; 0.029 ; 0 ; 0 ; 0 ; 0 ; 0 ; 1 ; -1 ; 0 ; 0 ; -1.000 ; 1 ; 0.5 ; 0.2 ; 0 ; 1 ; 1 ; 1 ; 1 ; 1 ;
j305_8.mm ; 0.045 ; 0 ; 0 ; 0 ; 0 ; 0 ; 1 ; -1 ; 0 ; 0 ; -1.000 ; 1 ; 0.5 ; 0.2 ; 0 ; 1 ; 1 ; 1 ; 1 ; 1 ;
j305_9.mm ; 0.035 ; 0 ; 0 ; 0 ; 0 ; 0 ; 1 ; -1 ; 0 ; 0 ; -1.000 ; 1 ; 0.5 ; 0.2 ; 0 ; 1 ; 1 ; 1 ; 1 ; 1 ;
j305_10.mm ; 0.053 ; 0 ; 0 ; 0 ; 0 ; 0 ; 1 ; -1 ; 0 ; 0 ; -1.000 ; 1 ; 0.5 ; 0.2 ; 0 ; 1 ; 1 ; 1 ; 1 ; 1 ;
j306_1.mm ; 0.045 ; 0 ; 0 ; 0 ; 0 ; 0 ; 1 ; -1 ; 0 ; 0 ; -1.000 ; 1 ; 0.5 ; 0.2 ; 0 ; 1 ; 1 ; 1 ; 1 ; 1 ;
j306_2.mm ; 0.043 ; 0 ; 0 ; 0 ; 0 ; 0 ; 1 ; -1 ; 0 ; 0 ; -1.000 ; 1 ; 0.5 ; 0.2 ; 0 ; 1 ; 1 ; 1 ; 1 ; 1 ;
j306_3.mm ; 0.064 ; 0 ; 0 ; 0 ; 0 ; 0 ; 1 ; -1 ; 0 ; 0 ; -1.000 ; 1 ; 0.5 ; 0.2 ; 0 ; 1 ; 1 ; 1 ; 1 ; 1 ;
j306_4.mm ; 0.045 ; 0 ; 0 ; 0 ; 0 ; 0 ; 1 ; -1 ; 0 ; 0 ; -1.000 ; 1 ; 0.5 ; 0.2 ; 0 ; 1 ; 1 ; 1 ; 1 ; 1 ;
j306_5.mm ; 0.023 ; 0 ; 0 ; 0 ; 0 ; 0 ; 1 ; -1 ; 0 ; 0 ; -1.000 ; 1 ; 0.5 ; 0.2 ; 0 ; 1 ; 1 ; 1 ; 1 ; 1 ;
j306_6.mm ; 0.040 ; 0 ; 0 ; 0 ; 0 ; 0 ; 1 ; -1 ; 0 ; 0 ; -1.000 ; 1 ; 0.5 ; 0.2 ; 0 ; 1 ; 1 ; 1 ; 1 ; 1 ;
j306_7.mm ; 0.068 ; 0 ; 0 ; 0 ; 0 ; 0 ; 1 ; -1 ; 0 ; 0 ; -1.000 ; 1 ; 0.5 ; 0.2 ; 0 ; 1 ; 1 ; 1 ; 1 ; 1 ;
j306_8.mm ; 0.038 ; 0 ; 0 ; 0 ; 0 ; 0 ; 1 ; -1 ; 0 ; 0 ; -1.000 ; 1 ; 0.5 ; 0.2 ; 0 ; 1 ; 1 ; 1 ; 1 ; 1 ;
j306_9.mm ; 0.052 ; 0 ; 0 ; 0 ; 0 ; 0 ; 1 ; -1 ; 0 ; 0 ; -1.000 ; 1 ; 0.5 ; 0.2 ; 0 ; 1 ; 1 ; 1 ; 1 ; 1 ;
j306_10.mm ; 0.057 ; 0 ; 0 ; 0 ; 0 ; 0 ; 1 ; -1 ; 0 ; 0 ; -1.000 ; 1 ; 0.5 ; 0.2 ; 0 ; 1 ; 1 ; 1 ; 1 ; 1 ;
j307_1.mm ; 0.046 ; 0 ; 0 ; 0 ; 0 ; 0 ; 1 ; -1 ; 0 ; 0 ; -1.000 ; 1 ; 0.5 ; 0.2 ; 0 ; 1 ; 1 ; 1 ; 1 ; 1 ;
j307_2.mm ; 0.045 ; 0 ; 0 ; 0 ; 0 ; 0 ; 1 ; -1 ; 0 ; 0 ; -1.000 ; 1 ; 0.5 ; 0.2 ; 0 ; 1 ; 1 ; 1 ; 1 ; 1 ;
j307_3.mm ; 0.030 ; 0 ; 0 ; 0 ; 0 ; 0 ; 1 ; -1 ; 0 ; 0 ; -1.000 ; 1 ; 0.5 ; 0.2 ; 0 ; 1 ; 1 ; 1 ; 1 ; 1 ;
j307_4.mm ; 0.029 ; 0 ; 0 ; 0 ; 0 ; 0 ; 1 ; -1 ; 0 ; 0 ; -1.000 ; 1 ; 0.5 ; 0.2 ; 0 ; 1 ; 1 ; 1 ; 1 ; 1 ;
j307_5.mm ; 0.046 ; 0 ; 0 ; 0 ; 0 ; 0 ; 1 ; -1 ; 0 ; 0 ; -1.000 ; 1 ; 0.5 ; 0.2 ; 0 ; 1 ; 1 ; 1 ; 1 ; 1 ;
j307_6.mm ; 0.040 ; 0 ; 0 ; 0 ; 0 ; 0 ; 1 ; -1 ; 0 ; 0 ; -1.000 ; 1 ; 0.5 ; 0.2 ; 0 ; 1 ; 1 ; 1 ; 1 ; 1 ;
j307_7.mm ; 0.053 ; 0 ; 0 ; 0 ; 0 ; 0 ; 1 ; -1 ; 0 ; 0 ; -1.000 ; 1 ; 0.5 ; 0.2 ; 0 ; 1 ; 1 ; 1 ; 1 ; 1 ;
j307_8.mm ; 23.995 ; 14 ; 0 ; 588 ; 441 ; 4 ; 15 ; 12.5 ; 0.892857 ; 13 ; 0.929 ; 1 ; 0.5 ; 0.2 ; 0 ; 1 ; 1 ; 1 ; 1 ; 1 ;
j307_9.mm ; 0.060 ; 0 ; 0 ; 0 ; 0 ; 0 ; 1 ; -1 ; 0 ; 0 ; -1.000 ; 1 ; 0.5 ; 0.2 ; 0 ; 1 ; 1 ; 1 ; 1 ; 1 ;
j307_10.mm ; 0.079 ; 0 ; 0 ; 0 ; 0 ; 0 ; 1 ; -1 ; 0 ; 0 ; -1.000 ; 1 ; 0.5 ; 0.2 ; 0 ; 1 ; 1 ; 1 ; 1 ; 1 ;
j308_1.mm ; 0.038 ; 0 ; 0 ; 0 ; 0 ; 0 ; 1 ; -1 ; 0 ; 0 ; -1.000 ; 1 ; 0.5 ; 0.2 ; 0 ; 1 ; 1 ; 1 ; 1 ; 1 ;
j308_2.mm ; 0.048 ; 0 ; 0 ; 0 ; 0 ; 0 ; 1 ; -1 ; 0 ; 0 ; -1.000 ; 1 ; 0.5 ; 0.2 ; 0 ; 1 ; 1 ; 1 ; 1 ; 1 ;
j308_3.mm ; 0.037 ; 0 ; 0 ; 0 ; 0 ; 0 ; 1 ; -1 ; 0 ; 0 ; -1.000 ; 1 ; 0.5 ; 0.2 ; 0 ; 1 ; 1 ; 1 ; 1 ; 1 ;
j308_4.mm ; 0.056 ; 0 ; 0 ; 0 ; 0 ; 0 ; 1 ; -1 ; 0 ; 0 ; -1.000 ; 1 ; 0.5 ; 0.2 ; 0 ; 1 ; 1 ; 1 ; 1 ; 1 ;
j308_5.mm ; 0.056 ; 0 ; 0 ; 0 ; 0 ; 0 ; 1 ; -1 ; 0 ; 0 ; -1.000 ; 1 ; 0.5 ; 0.2 ; 0 ; 1 ; 1 ; 1 ; 1 ; 1 ;
j308_6.mm ; 9.869 ; 22 ; 0 ; 692 ; 326 ; 0 ; 14 ; 14 ; 0.636364 ; 14 ; 0.636 ; 1 ; 0.5 ; 0.2 ; 0 ; 1 ; 1 ; 1 ; 1 ; 1 ;
j308_7.mm ; 0.036 ; 0 ; 0 ; 0 ; 0 ; 0 ; 1 ; -1 ; 0 ; 0 ; -1.000 ; 1 ; 0.5 ; 0.2 ; 0 ; 1 ; 1 ; 1 ; 1 ; 1 ;
j308_8.mm ; 0.054 ; 0 ; 0 ; 0 ; 0 ; 0 ; 1 ; -1 ; 0 ; 0 ; -1.000 ; 1 ; 0.5 ; 0.2 ; 0 ; 1 ; 1 ; 1 ; 1 ; 1 ;
j308_9.mm ; 0.033 ; 0 ; 0 ; 0 ; 0 ; 0 ; 1 ; -1 ; 0 ; 0 ; -1.000 ; 1 ; 0.5 ; 0.2 ; 0 ; 1 ; 1 ; 1 ; 1 ; 1 ;
j308_10.mm ; 0.068 ; 0 ; 0 ; 0 ; 0 ; 0 ; 1 ; -1 ; 0 ; 0 ; -1.000 ; 1 ; 0.5 ; 0.2 ; 0 ; 1 ; 1 ; 1 ; 1 ; 1 ;
j309_1.mm ; 185.530 ; 1 ; 28 ; 176 ; 198 ; 367 ; 30 ; 0 ; 0 ; 0 ; 0.000 ; 1 ; 0.5 ; 0.2 ; 0 ; 1 ; 1 ; 1 ; 1 ; 1 ;
j309_2.mm ; 78.506 ; 1 ; 23 ; 107 ; 149 ; 748 ; 22 ; 0.254442 ; 0.254442 ; 1 ; 1.000 ; 1 ; 0.5 ; 0.2 ; 0 ; 1 ; 1 ; 1 ; 1 ; 1 ;
j309_3.mm ; 1287.358 ; 3 ; 211 ; 465 ; 770 ; 5748 ; 108 ; 3 ; 1 ; 3 ; 1.000 ; 1 ; 0.5 ; 0.2 ; 0 ; 1 ; 1 ; 1 ; 1 ; 1 ;
j309_4.mm ; 134.977 ; 1 ; 33 ; 144 ; 238 ; 720 ; 19 ; 0.272727 ; 0.272727 ; 1 ; 1.000 ; 1 ; 0.5 ; 0.2 ; 0 ; 1 ; 1 ; 1 ; 1 ; 1 ;
j309_5.mm ; 317.663 ; 2 ; 120 ; 261 ; 412 ; 556 ; 62 ; 0 ; 0 ; 0 ; 0.000 ; 1 ; 0.5 ; 0.2 ; 0 ; 1 ; 1 ; 1 ; 1 ; 1 ;
j309_6.mm ; 186.105 ; 5 ; 21 ; 296 ; 1244 ; 1664 ; 36 ; 1.40515 ; 0.28103 ; 2 ; 0.400 ; 1 ; 0.5 ; 0.2 ; 0 ; 1 ; 1 ; 1 ; 1 ; 1 ;
j309_7.mm ; 681.648 ; 0 ; 65 ; 484 ; 467 ; 3565 ; 48 ; 0 ; 0 ; 0 ; -1.000 ; 1 ; 0.5 ; 0.2 ; 0 ; 1 ; 1 ; 1 ; 1 ; 1 ;
j309_8.mm ; 85.793 ; 1 ; 11 ; 94 ; 107 ; 345 ; 12 ; 0 ; 0 ; 0 ; 0.000 ; 1 ; 0.5 ; 0.2 ; 0 ; 1 ; 1 ; 1 ; 1 ; 1 ;
j309_9.mm ; 160.012 ; 2 ; 57 ; 150 ; 218 ; 567 ; 26 ; 1.03704 ; 0.518519 ; 2 ; 1.000 ; 1 ; 0.5 ; 0.2 ; 0 ; 1 ; 1 ; 1 ; 1 ; 1 ;
j309_10.mm ; 734.155 ; 1 ; 49 ; 215 ; 536 ; 961 ; 86 ; 0 ; 0 ; 0 ; 0.000 ; 1 ; 0.5 ; 0.2 ; 0 ; 1 ; 1 ; 1 ; 1 ; 1 ;
j3010_1.mm ; 30.801 ; 0 ; 0 ; 92 ; 26 ; 137 ; 5 ; 0 ; 0 ; 0 ; -1.000 ; 1 ; 0.5 ; 0.2 ; 0 ; 1 ; 1 ; 1 ; 1 ; 1 ;
j3010_2.mm ; 22.363 ; 0 ; 0 ; 38 ; 7 ; 90 ; 5 ; 0 ; 0 ; 0 ; -1.000 ; 1 ; 0.5 ; 0.2 ; 0 ; 1 ; 1 ; 1 ; 1 ; 1 ;
j3010_3.mm ; 34.884 ; 0 ; 1 ; 23 ; 4 ; 67 ; 5 ; 0 ; 0 ; 0 ; -1.000 ; 1 ; 0.5 ; 0.2 ; 0 ; 1 ; 1 ; 1 ; 1 ; 1 ;
j3010_4.mm ; 28.883 ; 0 ; 0 ; 48 ; 7 ; 212 ; 5 ; 0 ; 0 ; 0 ; -1.000 ; 1 ; 0.5 ; 0.2 ; 0 ; 1 ; 1 ; 1 ; 1 ; 1 ;
j3010_5.mm ; 115.520 ; 0 ; 1 ; 126 ; 32 ; 1033 ; 19 ; 0 ; 0 ; 0 ; -1.000 ; 1 ; 0.5 ; 0.2 ; 0 ; 1 ; 1 ; 1 ; 1 ; 1 ;
j3010_6.mm ; 5.679 ; 0 ; 0 ; 40 ; 3 ; 3 ; 4 ; 0 ; 0 ; 0 ; -1.000 ; 1 ; 0.5 ; 0.2 ; 0 ; 1 ; 1 ; 1 ; 1 ; 1 ;
j3010_7.mm ; 19.291 ; 0 ; 0 ; 42 ; 18 ; 39 ; 5 ; 0 ; 0 ; 0 ; -1.000 ; 1 ; 0.5 ; 0.2 ; 0 ; 1 ; 1 ; 1 ; 1 ; 1 ;
j3010_8.mm ; 28.690 ; 0 ; 0 ; 63 ; 27 ; 20 ; 8 ; 0 ; 0 ; 0 ; -1.000 ; 1 ; 0.5 ; 0.2 ; 0 ; 1 ; 1 ; 1 ; 1 ; 1 ;
j3010_9.mm ; 7.057 ; 0 ; 0 ; 13 ; 2 ; 6 ; 3 ; 0 ; 0 ; 0 ; -1.000 ; 1 ; 0.5 ; 0.2 ; 0 ; 1 ; 1 ; 1 ; 1 ; 1 ;
j3010_10.mm ; 118.918 ; 0 ; 20 ; 63 ; 26 ; 425 ; 24 ; 0 ; 0 ; 0 ; -1.000 ; 1 ; 0.5 ; 0.2 ; 0 ; 1 ; 1 ; 1 ; 1 ; 1 ;
j3011_1.mm ; 0.325 ; 0 ; 0 ; 0 ; 0 ; 0 ; 1 ; 0 ; 0 ; 0 ; -1.000 ; 1 ; 0.5 ; 0.2 ; 0 ; 1 ; 1 ; 1 ; 1 ; 1 ;
j3011_2.mm ; 8.276 ; 0 ; 0 ; 39 ; 7 ; 15 ; 3 ; 0 ; 0 ; 0 ; -1.000 ; 1 ; 0.5 ; 0.2 ; 0 ; 1 ; 1 ; 1 ; 1 ; 1 ;
j3011_3.mm ; 0.433 ; 0 ; 0 ; 12 ; 0 ; 0 ; 2 ; 0 ; 0 ; 0 ; -1.000 ; 1 ; 0.5 ; 0.2 ; 0 ; 1 ; 1 ; 1 ; 1 ; 1 ;
j3011_4.mm ; 0.442 ; 0 ; 0 ; 21 ; 0 ; 0 ; 2 ; 0 ; 0 ; 0 ; -1.000 ; 1 ; 0.5 ; 0.2 ; 0 ; 1 ; 1 ; 1 ; 1 ; 1 ;
j3011_5.mm ; 1.126 ; 0 ; 0 ; 51 ; 4 ; 0 ; 3 ; 0 ; 0 ; 0 ; -1.000 ; 1 ; 0.5 ; 0.2 ; 0 ; 1 ; 1 ; 1 ; 1 ; 1 ;
j3011_6.mm ; 1.311 ; 0 ; 0 ; 30 ; 7 ; 0 ; 3 ; 0 ; 0 ; 0 ; -1.000 ; 1 ; 0.5 ; 0.2 ; 0 ; 1 ; 1 ; 1 ; 1 ; 1 ;
j3011_7.mm ; 0.806 ; 0 ; 0 ; 9 ; 3 ; 0 ; 5 ; 0 ; 0 ; 0 ; -1.000 ; 1 ; 0.5 ; 0.2 ; 0 ; 1 ; 1 ; 1 ; 1 ; 1 ;
j3011_8.mm ; 0.307 ; 0 ; 0 ; 0 ; 0 ; 0 ; 1 ; 0 ; 0 ; 0 ; -1.000 ; 1 ; 0.5 ; 0.2 ; 0 ; 1 ; 1 ; 1 ; 1 ; 1 ;
j3011_9.mm ; 0.401 ; 0 ; 0 ; 6 ; 1 ; 0 ; 3 ; 0 ; 0 ; 0 ; -1.000 ; 1 ; 0.5 ; 0.2 ; 0 ; 1 ; 1 ; 1 ; 1 ; 1 ;
j3011_10.mm ; 0.346 ; 0 ; 0 ; 40 ; 4 ; 0 ; 2 ; 0 ; 0 ; 0 ; -1.000 ; 1 ; 0.5 ; 0.2 ; 0 ; 1 ; 1 ; 1 ; 1 ; 1 ;
j3012_1.mm ; 0.381 ; 0 ; 0 ; 29 ; 3 ; 0 ; 5 ; 0 ; 0 ; 0 ; -1.000 ; 1 ; 0.5 ; 0.2 ; 0 ; 1 ; 1 ; 1 ; 1 ; 1 ;
j3012_2.mm ; 0.409 ; 0 ; 0 ; 10 ; 0 ; 0 ; 3 ; 0 ; 0 ; 0 ; -1.000 ; 1 ; 0.5 ; 0.2 ; 0 ; 1 ; 1 ; 1 ; 1 ; 1 ;
j3012_3.mm ; 0.427 ; 0 ; 0 ; 40 ; 4 ; 0 ; 4 ; 0 ; 0 ; 0 ; -1.000 ; 1 ; 0.5 ; 0.2 ; 0 ; 1 ; 1 ; 1 ; 1 ; 1 ;
j3012_4.mm ; 3.523 ; 0 ; 0 ; 137 ; 37 ; 0 ; 21 ; 0 ; 0 ; 0 ; -1.000 ; 1 ; 0.5 ; 0.2 ; 0 ; 1 ; 1 ; 1 ; 1 ; 1 ;
j3012_5.mm ; 0.322 ; 0 ; 0 ; 3 ; 0 ; 0 ; 2 ; 0 ; 0 ; 0 ; -1.000 ; 1 ; 0.5 ; 0.2 ; 0 ; 1 ; 1 ; 1 ; 1 ; 1 ;
j3012_6.mm ; 0.342 ; 0 ; 0 ; 4 ; 1 ; 0 ; 2 ; 0 ; 0 ; 0 ; -1.000 ; 1 ; 0.5 ; 0.2 ; 0 ; 1 ; 1 ; 1 ; 1 ; 1 ;
j3012_7.mm ; 0.376 ; 0 ; 0 ; 2 ; 0 ; 0 ; 2 ; 0 ; 0 ; 0 ; -1.000 ; 1 ; 0.5 ; 0.2 ; 0 ; 1 ; 1 ; 1 ; 1 ; 1 ;
j3012_8.mm ; 1.348 ; 0 ; 0 ; 63 ; 24 ; 0 ; 7 ; 0 ; 0 ; 0 ; -1.000 ; 1 ; 0.5 ; 0.2 ; 0 ; 1 ; 1 ; 1 ; 1 ; 1 ;
j3012_9.mm ; 0.276 ; 0 ; 0 ; 3 ; 0 ; 0 ; 2 ; 0 ; 0 ; 0 ; -1.000 ; 1 ; 0.5 ; 0.2 ; 0 ; 1 ; 1 ; 1 ; 1 ; 1 ;
j3012_10.mm ; 0.338 ; 0 ; 0 ; 3 ; 1 ; 0 ; 2 ; 0 ; 0 ; 0 ; -1.000 ; 1 ; 0.5 ; 0.2 ; 0 ; 1 ; 1 ; 1 ; 1 ; 1 ;
j3013_1.mm ; 639.231 ; 1 ; 19 ; 212 ; 451 ; 1617 ; 77 ; 0 ; 0 ; 0 ; 0.000 ; 1 ; 0.5 ; 0.2 ; 0 ; 1 ; 1 ; 1 ; 1 ; 1 ;
j3013_2.mm ; 222.651 ; 13 ; 4 ; 740 ; 2048 ; 1264 ; 58 ; 6.2556 ; 0.4812 ; 7 ; 0.538 ; 1 ; 0.5 ; 0.2 ; 0 ; 1 ; 1 ; 1 ; 1 ; 1 ;
j3013_3.mm ; 548.963 ; 11 ; 7 ; 524 ; 1062 ; 6299 ; 117 ; 3.9931 ; 0.363009 ; 4 ; 0.364 ; 1 ; 0.5 ; 0.2 ; 0 ; 1 ; 1 ; 1 ; 1 ; 1 ;
j3013_4.mm ; 133.260 ; 16 ; 12 ; 684 ; 2023 ; 795 ; 37 ; 7.32092 ; 0.457558 ; 8 ; 0.500 ; 1 ; 0.5 ; 0.2 ; 0 ; 1 ; 1 ; 1 ; 1 ; 1 ;
j3013_5.mm ; 1175.121 ; 11 ; 1067716615 ; 1066894516 ; 1074540087 ; 1075355734 ; 175 ; 3.28282 ; 0.298438 ; 4 ; 0.364 ; 1 ; 0.5 ; 0.2 ; 0 ; 1 ; 1 ; 1 ; 1 ; 1 ;
j3013_6.mm ; 43.705 ; 7 ; 7 ; 266 ; 346 ; 366 ; 24 ; 2.5041 ; 0.357729 ; 3 ; 0.429 ; 1 ; 0.5 ; 0.2 ; 0 ; 1 ; 1 ; 1 ; 1 ; 1 ;
j3013_7.mm ; 298.670 ; 8 ; 7 ; 395 ; 969 ; 5020 ; 65 ; 1.99541 ; 0.249426 ; 2 ; 0.250 ; 1 ; 0.5 ; 0.2 ; 0 ; 1 ; 1 ; 1 ; 1 ; 1 ;
j3013_8.mm ; 199.090 ; 2 ; 17 ; 175 ; 109 ; 997 ; 24 ; 0 ; 0 ; 0 ; 0.000 ; 1 ; 0.5 ; 0.2 ; 0 ; 1 ; 1 ; 1 ; 1 ; 1 ;
j3013_9.mm ; 314.689 ; 11 ; 0 ; 409 ; 600 ; 856 ; 45 ; 5.84263 ; 0.531148 ; 6 ; 0.545 ; 1 ; 0.5 ; 0.2 ; 0 ; 1 ; 1 ; 1 ; 1 ; 1 ;
j3013_10.mm ; 186.246 ; 13 ; 6 ; 903 ; 1914 ; 1151 ; 23 ; 4.83108 ; 0.371622 ; 5 ; 0.385 ; 1 ; 0.5 ; 0.2 ; 0 ; 1 ; 1 ; 1 ; 1 ; 1 ;
j3014_1.mm ; 708.563 ; 0 ; 9 ; 301 ; 273 ; 1921 ; 58 ; 0 ; 0 ; 0 ; -1.000 ; 1 ; 0.5 ; 0.2 ; 0 ; 1 ; 1 ; 1 ; 1 ; 1 ;
j3014_2.mm ; 301.637 ; 1 ; 1 ; 209 ; 211 ; 447 ; 37 ; 0 ; 0 ; 0 ; 0.000 ; 1 ; 0.5 ; 0.2 ; 0 ; 1 ; 1 ; 1 ; 1 ; 1 ;
j3014_3.mm ; 127.254 ; 1 ; 0 ; 179 ; 234 ; 321 ; 18 ; 0 ; 0 ; 0 ; 0.000 ; 1 ; 0.5 ; 0.2 ; 0 ; 1 ; 1 ; 1 ; 1 ; 1 ;
j3014_4.mm ; 41.535 ; 5 ; 1 ; 212 ; 742 ; 33 ; 12 ; 2.39821 ; 0.479642 ; 3 ; 0.600 ; 1 ; 0.5 ; 0.2 ; 0 ; 1 ; 1 ; 1 ; 1 ; 1 ;
j3014_5.mm ; 39.627 ; 0 ; 0 ; 81 ; 45 ; 114 ; 11 ; 0 ; 0 ; 0 ; -1.000 ; 1 ; 0.5 ; 0.2 ; 0 ; 1 ; 1 ; 1 ; 1 ; 1 ;
j3014_6.mm ; 36.793 ; 0 ; 0 ; 44 ; 5 ; 35 ; 8 ; 0 ; 0 ; 0 ; -1.000 ; 1 ; 0.5 ; 0.2 ; 0 ; 1 ; 1 ; 1 ; 1 ; 1 ;
j3014_7.mm ; 506.999 ; 0 ; 10 ; 190 ; 137 ; 2282 ; 40 ; 0 ; 0 ; 0 ; -1.000 ; 1 ; 0.5 ; 0.2 ; 0 ; 1 ; 1 ; 1 ; 1 ; 1 ;
j3014_8.mm ; 308.637 ; 0 ; 3 ; 333 ; 111 ; 648 ; 25 ; 0 ; 0 ; 0 ; -1.000 ; 1 ; 0.5 ; 0.2 ; 0 ; 1 ; 1 ; 1 ; 1 ; 1 ;
j3014_9.mm ; 885.489 ; 0 ; 15 ; 263 ; 234 ; 2977 ; 64 ; 0 ; 0 ; 0 ; -1.000 ; 1 ; 0.5 ; 0.2 ; 0 ; 1 ; 1 ; 1 ; 1 ; 1 ;
j3014_10.mm ; 167.838 ; 1 ; 0 ; 212 ; 155 ; 952 ; 20 ; 0 ; 0 ; 0 ; 0.000 ; 1 ; 0.5 ; 0.2 ; 0 ; 1 ; 1 ; 1 ; 1 ; 1 ;
j3015_1.mm ; 1.525 ; 0 ; 0 ; 62 ; 1 ; 0 ; 3 ; 0 ; 0 ; 0 ; -1.000 ; 1 ; 0.5 ; 0.2 ; 0 ; 1 ; 1 ; 1 ; 1 ; 1 ;
j3015_2.mm ; 40.307 ; 0 ; 0 ; 19 ; 1 ; 6 ; 4 ; 0 ; 0 ; 0 ; -1.000 ; 1 ; 0.5 ; 0.2 ; 0 ; 1 ; 1 ; 1 ; 1 ; 1 ;
j3015_3.mm ; 78.911 ; 0 ; 0 ; 13 ; 4 ; 56 ; 7 ; 0 ; 0 ; 0 ; -1.000 ; 1 ; 0.5 ; 0.2 ; 0 ; 1 ; 1 ; 1 ; 1 ; 1 ;
j3015_4.mm ; 7.052 ; 0 ; 0 ; 43 ; 12 ; 5 ; 4 ; 0 ; 0 ; 0 ; -1.000 ; 1 ; 0.5 ; 0.2 ; 0 ; 1 ; 1 ; 1 ; 1 ; 1 ;
j3015_5.mm ; 89.738 ; 1 ; 0 ; 100 ; 86 ; 143 ; 11 ; 0 ; 0 ; 0 ; 0.000 ; 1 ; 0.5 ; 0.2 ; 0 ; 1 ; 1 ; 1 ; 1 ; 1 ;
j3015_6.mm ; 4.562 ; 0 ; 0 ; 67 ; 25 ; 2 ; 6 ; 0 ; 0 ; 0 ; -1.000 ; 1 ; 0.5 ; 0.2 ; 0 ; 1 ; 1 ; 1 ; 1 ; 1 ;
j3015_7.mm ; 7.721 ; 0 ; 0 ; 52 ; 3 ; 1 ; 4 ; 0 ; 0 ; 0 ; -1.000 ; 1 ; 0.5 ; 0.2 ; 0 ; 1 ; 1 ; 1 ; 1 ; 1 ;
j3015_8.mm ; 7.133 ; 0 ; 0 ; 43 ; 7 ; 6 ; 3 ; 0 ; 0 ; 0 ; -1.000 ; 1 ; 0.5 ; 0.2 ; 0 ; 1 ; 1 ; 1 ; 1 ; 1 ;
j3015_9.mm ; 6.264 ; 0 ; 0 ; 35 ; 6 ; 0 ; 4 ; 0 ; 0 ; 0 ; -1.000 ; 1 ; 0.5 ; 0.2 ; 0 ; 1 ; 1 ; 1 ; 1 ; 1 ;
j3015_10.mm ; 0.753 ; 0 ; 0 ; 42 ; 12 ; 0 ; 3 ; 0 ; 0 ; 0 ; -1.000 ; 1 ; 0.5 ; 0.2 ; 0 ; 1 ; 1 ; 1 ; 1 ; 1 ;
j3016_1.mm ; 0.735 ; 0 ; 0 ; 39 ; 7 ; 0 ; 3 ; 0 ; 0 ; 0 ; -1.000 ; 1 ; 0.5 ; 0.2 ; 0 ; 1 ; 1 ; 1 ; 1 ; 1 ;
j3016_2.mm ; 4.205 ; 0 ; 0 ; 61 ; 3 ; 0 ; 3 ; 0 ; 0 ; 0 ; -1.000 ; 1 ; 0.5 ; 0.2 ; 0 ; 1 ; 1 ; 1 ; 1 ; 1 ;
j3016_3.mm ; 2.207 ; 0 ; 0 ; 199 ; 123 ; 0 ; 17 ; 0 ; 0 ; 0 ; -1.000 ; 1 ; 0.5 ; 0.2 ; 0 ; 1 ; 1 ; 1 ; 1 ; 1 ;
j3016_4.mm ; 0.283 ; 0 ; 0 ; 1 ; 1 ; 0 ; 2 ; 0 ; 0 ; 0 ; -1.000 ; 1 ; 0.5 ; 0.2 ; 0 ; 1 ; 1 ; 1 ; 1 ; 1 ;
j3016_5.mm ; 0.405 ; 0 ; 0 ; 42 ; 9 ; 0 ; 3 ; 0 ; 0 ; 0 ; -1.000 ; 1 ; 0.5 ; 0.2 ; 0 ; 1 ; 1 ; 1 ; 1 ; 1 ;
j3016_6.mm ; 0.423 ; 0 ; 0 ; 26 ; 3 ; 0 ; 3 ; 0 ; 0 ; 0 ; -1.000 ; 1 ; 0.5 ; 0.2 ; 0 ; 1 ; 1 ; 1 ; 1 ; 1 ;
j3016_7.mm ; 0.266 ; 0 ; 0 ; 0 ; 0 ; 0 ; 1 ; 0 ; 0 ; 0 ; -1.000 ; 1 ; 0.5 ; 0.2 ; 0 ; 1 ; 1 ; 1 ; 1 ; 1 ;
j3016_8.mm ; 0.503 ; 0 ; 0 ; 1 ; 0 ; 0 ; 2 ; 0 ; 0 ; 0 ; -1.000 ; 1 ; 0.5 ; 0.2 ; 0 ; 1 ; 1 ; 1 ; 1 ; 1 ;
j3016_9.mm ; 0.429 ; 0 ; 0 ; 25 ; 3 ; 0 ; 2 ; 0 ; 0 ; 0 ; -1.000 ; 1 ; 0.5 ; 0.2 ; 0 ; 1 ; 1 ; 1 ; 1 ; 1 ;
j3016_10.mm ; 0.301 ; 0 ; 0 ; 0 ; 0 ; 0 ; 1 ; 0 ; 0 ; 0 ; -1.000 ; 1 ; 0.5 ; 0.2 ; 0 ; 1 ; 1 ; 1 ; 1 ; 1 ;
j3017_1.mm ; 462.491 ; 1 ; 85 ; 264 ; 644 ; 1619 ; 53 ; 0.0692641 ; 0.0692641 ; 1 ; 1.000 ; 1 ; 0.5 ; 0.2 ; 0 ; 1 ; 1 ; 1 ; 1 ; 1 ;
j3017_2.mm ; 220.622 ; 0 ; 44 ; 53 ; 155 ; 2872 ; 45 ; 0 ; 0 ; 0 ; -1.000 ; 1 ; 0.5 ; 0.2 ; 0 ; 1 ; 1 ; 1 ; 1 ; 1 ;
j3017_3.mm ; 362.074 ; 1 ; 57 ; 102 ; 108 ; 1194 ; 42 ; 0 ; 0 ; 0 ; 0.000 ; 1 ; 0.5 ; 0.2 ; 0 ; 1 ; 1 ; 1 ; 1 ; 1 ;
j3017_4.mm ; 537.569 ; 0 ; 28 ; 239 ; 116 ; 3329 ; 45 ; 0 ; 0 ; 0 ; -1.000 ; 1 ; 0.5 ; 0.2 ; 0 ; 1 ; 1 ; 1 ; 1 ; 1 ;
j3017_5.mm ; 195.669 ; 1 ; 27 ; 187 ; 95 ; 2270 ; 23 ; 0.5 ; 0.5 ; 1 ; 1.000 ; 1 ; 0.5 ; 0.2 ; 0 ; 1 ; 1 ; 1 ; 1 ; 1 ;
j3017_6.mm ; 130.151 ; 1 ; 60 ; 47 ; 39 ; 1632 ; 21 ; 0.0775862 ; 0.0775862 ; 1 ; 1.000 ; 1 ; 0.5 ; 0.2 ; 0 ; 1 ; 1 ; 1 ; 1 ; 1 ;
j3017_7.mm ; 411.075 ; 2 ; 69 ; 210 ; 156 ; 2434 ; 40 ; 2 ; 1 ; 2 ; 1.000 ; 1 ; 0.5 ; 0.2 ; 0 ; 1 ; 1 ; 1 ; 1 ; 1 ;
j3017_8.mm ; 369.413 ; 4 ; 42 ; 338 ; 1327 ; 1461 ; 68 ; 2 ; 0.5 ; 2 ; 0.500 ; 1 ; 0.5 ; 0.2 ; 0 ; 1 ; 1 ; 1 ; 1 ; 1 ;
j3017_9.mm ; 98.013 ; 2 ; 87 ; 157 ; 445 ; 743 ; 42 ; 0.666667 ; 0.333333 ; 1 ; 0.500 ; 1 ; 0.5 ; 0.2 ; 0 ; 1 ; 1 ; 1 ; 1 ; 1 ;
j3017_10.mm ; 120.425 ; 1 ; 43 ; 100 ; 144 ; 1100 ; 23 ; 0.5 ; 0.5 ; 1 ; 1.000 ; 1 ; 0.5 ; 0.2 ; 0 ; 1 ; 1 ; 1 ; 1 ; 1 ;
j3018_1.mm ; 23.719 ; 0 ; 0 ; 11 ; 2 ; 18 ; 3 ; 0 ; 0 ; 0 ; -1.000 ; 1 ; 0.5 ; 0.2 ; 0 ; 1 ; 1 ; 1 ; 1 ; 1 ;
j3018_2.mm ; 35.807 ; 0 ; 0 ; 71 ; 6 ; 65 ; 6 ; 0 ; 0 ; 0 ; -1.000 ; 1 ; 0.5 ; 0.2 ; 0 ; 1 ; 1 ; 1 ; 1 ; 1 ;
j3018_3.mm ; 43.655 ; 0 ; 0 ; 43 ; 9 ; 148 ; 5 ; 0 ; 0 ; 0 ; -1.000 ; 1 ; 0.5 ; 0.2 ; 0 ; 1 ; 1 ; 1 ; 1 ; 1 ;
j3018_4.mm ; 7.431 ; 0 ; 0 ; 72 ; 8 ; 5 ; 4 ; 0 ; 0 ; 0 ; -1.000 ; 1 ; 0.5 ; 0.2 ; 0 ; 1 ; 1 ; 1 ; 1 ; 1 ;
j3018_5.mm ; 13.942 ; 0 ; 0 ; 19 ; 0 ; 147 ; 5 ; 0 ; 0 ; 0 ; -1.000 ; 1 ; 0.5 ; 0.2 ; 0 ; 1 ; 1 ; 1 ; 1 ; 1 ;
j3018_6.mm ; 34.882 ; 0 ; 0 ; 13 ; 5 ; 74 ; 7 ; 0 ; 0 ; 0 ; -1.000 ; 1 ; 0.5 ; 0.2 ; 0 ; 1 ; 1 ; 1 ; 1 ; 1 ;
j3018_7.mm ; 146.932 ; 0 ; 3 ; 148 ; 44 ; 469 ; 11 ; 0 ; 0 ; 0 ; -1.000 ; 1 ; 0.5 ; 0.2 ; 0 ; 1 ; 1 ; 1 ; 1 ; 1 ;
j3018_8.mm ; 5.799 ; 0 ; 0 ; 23 ; 9 ; 7 ; 4 ; 0 ; 0 ; 0 ; -1.000 ; 1 ; 0.5 ; 0.2 ; 0 ; 1 ; 1 ; 1 ; 1 ; 1 ;
j3018_9.mm ; 12.862 ; 1 ; 1 ; 25 ; 12 ; 47 ; 3 ; 1 ; 1 ; 1 ; 1.000 ; 1 ; 0.5 ; 0.2 ; 0 ; 1 ; 1 ; 1 ; 1 ; 1 ;
j3018_10.mm ; 113.008 ; 0 ; 6 ; 72 ; 35 ; 473 ; 25 ; 0 ; 0 ; 0 ; -1.000 ; 1 ; 0.5 ; 0.2 ; 0 ; 1 ; 1 ; 1 ; 1 ; 1 ;
j3019_1.mm ; 7.795 ; 0 ; 0 ; 2 ; 2 ; 1 ; 3 ; 0 ; 0 ; 0 ; -1.000 ; 1 ; 0.5 ; 0.2 ; 0 ; 1 ; 1 ; 1 ; 1 ; 1 ;
j3019_2.mm ; 0.259 ; 0 ; 0 ; 0 ; 0 ; 0 ; 1 ; 0 ; 0 ; 0 ; -1.000 ; 1 ; 0.5 ; 0.2 ; 0 ; 1 ; 1 ; 1 ; 1 ; 1 ;
j3019_3.mm ; 0.318 ; 0 ; 0 ; 0 ; 0 ; 0 ; 1 ; 0 ; 0 ; 0 ; -1.000 ; 1 ; 0.5 ; 0.2 ; 0 ; 1 ; 1 ; 1 ; 1 ; 1 ;
j3019_4.mm ; 0.532 ; 0 ; 0 ; 0 ; 0 ; 0 ; 1 ; 0 ; 0 ; 0 ; -1.000 ; 1 ; 0.5 ; 0.2 ; 0 ; 1 ; 1 ; 1 ; 1 ; 1 ;
j3019_5.mm ; 0.290 ; 0 ; 0 ; 0 ; 0 ; 0 ; 1 ; 0 ; 0 ; 0 ; -1.000 ; 1 ; 0.5 ; 0.2 ; 0 ; 1 ; 1 ; 1 ; 1 ; 1 ;
j3019_6.mm ; 0.343 ; 0 ; 0 ; 0 ; 0 ; 0 ; 1 ; 0 ; 0 ; 0 ; -1.000 ; 1 ; 0.5 ; 0.2 ; 0 ; 1 ; 1 ; 1 ; 1 ; 1 ;
j3019_7.mm ; 1.461 ; 0 ; 0 ; 0 ; 0 ; 0 ; 1 ; 0 ; 0 ; 0 ; -1.000 ; 1 ; 0.5 ; 0.2 ; 0 ; 1 ; 1 ; 1 ; 1 ; 1 ;
j3019_8.mm ; 0.302 ; 0 ; 0 ; 0 ; 0 ; 0 ; 1 ; 0 ; 0 ; 0 ; -1.000 ; 1 ; 0.5 ; 0.2 ; 0 ; 1 ; 1 ; 1 ; 1 ; 1 ;
j3019_9.mm ; 18.735 ; 0 ; 0 ; 35 ; 5 ; 123 ; 6 ; 0 ; 0 ; 0 ; -1.000 ; 1 ; 0.5 ; 0.2 ; 0 ; 1 ; 1 ; 1 ; 1 ; 1 ;
j3019_10.mm ; 0.279 ; 0 ; 0 ; 0 ; 0 ; 0 ; 1 ; 0 ; 0 ; 0 ; -1.000 ; 1 ; 0.5 ; 0.2 ; 0 ; 1 ; 1 ; 1 ; 1 ; 1 ;
j3020_1.mm ; 0.294 ; 0 ; 0 ; 0 ; 0 ; 0 ; 1 ; 0 ; 0 ; 0 ; -1.000 ; 1 ; 0.5 ; 0.2 ; 0 ; 1 ; 1 ; 1 ; 1 ; 1 ;
j3020_2.mm ; 0.326 ; 0 ; 0 ; 1 ; 0 ; 0 ; 2 ; 0 ; 0 ; 0 ; -1.000 ; 1 ; 0.5 ; 0.2 ; 0 ; 1 ; 1 ; 1 ; 1 ; 1 ;
j3020_3.mm ; 0.290 ; 0 ; 0 ; 0 ; 0 ; 0 ; 1 ; 0 ; 0 ; 0 ; -1.000 ; 1 ; 0.5 ; 0.2 ; 0 ; 1 ; 1 ; 1 ; 1 ; 1 ;
j3020_4.mm ; 0.379 ; 0 ; 0 ; 35 ; 3 ; 0 ; 2 ; 0 ; 0 ; 0 ; -1.000 ; 1 ; 0.5 ; 0.2 ; 0 ; 1 ; 1 ; 1 ; 1 ; 1 ;
j3020_5.mm ; 0.318 ; 0 ; 0 ; 1 ; 0 ; 0 ; 2 ; 0 ; 0 ; 0 ; -1.000 ; 1 ; 0.5 ; 0.2 ; 0 ; 1 ; 1 ; 1 ; 1 ; 1 ;
j3020_6.mm ; 0.424 ; 0 ; 0 ; 2 ; 0 ; 0 ; 2 ; 0 ; 0 ; 0 ; -1.000 ; 1 ; 0.5 ; 0.2 ; 0 ; 1 ; 1 ; 1 ; 1 ; 1 ;
j3020_7.mm ; 0.299 ; 0 ; 0 ; 0 ; 0 ; 0 ; 1 ; 0 ; 0 ; 0 ; -1.000 ; 1 ; 0.5 ; 0.2 ; 0 ; 1 ; 1 ; 1 ; 1 ; 1 ;
j3020_8.mm ; 0.310 ; 0 ; 0 ; 0 ; 0 ; 0 ; 1 ; 0 ; 0 ; 0 ; -1.000 ; 1 ; 0.5 ; 0.2 ; 0 ; 1 ; 1 ; 1 ; 1 ; 1 ;
j3020_9.mm ; 0.938 ; 0 ; 0 ; 3 ; 0 ; 0 ; 2 ; 0 ; 0 ; 0 ; -1.000 ; 1 ; 0.5 ; 0.2 ; 0 ; 1 ; 1 ; 1 ; 1 ; 1 ;
j3020_10.mm ; 0.284 ; 0 ; 0 ; 0 ; 0 ; 0 ; 1 ; 0 ; 0 ; 0 ; -1.000 ; 1 ; 0.5 ; 0.2 ; 0 ; 1 ; 1 ; 1 ; 1 ; 1 ;
j3021_1.mm ; 155.731 ; 13 ; 33 ; 426 ; 1375 ; 3421 ; 25 ; 5.5745 ; 0.428808 ; 6 ; 0.462 ; 1 ; 0.5 ; 0.2 ; 0 ; 1 ; 1 ; 1 ; 1 ; 1 ;
j3021_2.mm ; 299.714 ; 10 ; 10 ; 520 ; 1603 ; 1007 ; 40 ; 3.64742 ; 0.364742 ; 4 ; 0.400 ; 1 ; 0.5 ; 0.2 ; 0 ; 1 ; 1 ; 1 ; 1 ; 1 ;
j3021_3.mm ; 119.780 ; 10 ; 2 ; 638 ; 1189 ; 1816 ; 28 ; 2.95504 ; 0.295504 ; 3 ; 0.300 ; 1 ; 0.5 ; 0.2 ; 0 ; 1 ; 1 ; 1 ; 1 ; 1 ;
j3021_4.mm ; 114.477 ; 7 ; 23 ; 362 ; 1397 ; 340 ; 27 ; 2.14201 ; 0.306001 ; 3 ; 0.429 ; 1 ; 0.5 ; 0.2 ; 0 ; 1 ; 1 ; 1 ; 1 ; 1 ;
j3021_5.mm ; 1869.509 ; 14 ; -234881013 ; -536870107 ; -845142717 ; 813178823 ; 144 ; 5.23132 ; 0.373665 ; 6 ; 0.429 ; 1 ; 0.5 ; 0.2 ; 0 ; 1 ; 1 ; 1 ; 1 ; 1 ;
j3021_6.mm ; 220.384 ; 6 ; 7 ; 223 ; 258 ; 706 ; 58 ; 1.55404 ; 0.259007 ; 2 ; 0.333 ; 1 ; 0.5 ; 0.2 ; 0 ; 1 ; 1 ; 1 ; 1 ; 1 ;
j3021_7.mm ; 512.269 ; 10 ; 8 ; 623 ; 1198 ; 2283 ; 60 ; 2.63077 ; 0.263077 ; 3 ; 0.300 ; 1 ; 0.5 ; 0.2 ; 0 ; 1 ; 1 ; 1 ; 1 ; 1 ;
j3021_8.mm ; 305.067 ; 9 ; 16 ; 325 ; 1533 ; 4676 ; 76 ; 2.05908 ; 0.228786 ; 3 ; 0.333 ; 1 ; 0.5 ; 0.2 ; 0 ; 1 ; 1 ; 1 ; 1 ; 1 ;
j3021_9.mm ; 346.549 ; 6 ; 8 ; 318 ; 755 ; 3137 ; 85 ; 1.59707 ; 0.266179 ; 2 ; 0.333 ; 1 ; 0.5 ; 0.2 ; 0 ; 1 ; 1 ; 1 ; 1 ; 1 ;
j3021_10.mm ; 1333.380 ; 7 ; 1068103147 ; 1066419287 ; 1070538951 ; 1075021792 ; 149 ; 0.81521 ; 0.116459 ; 1 ; 0.143 ; 1 ; 0.5 ; 0.2 ; 0 ; 1 ; 1 ; 1 ; 1 ; 1 ;
j3022_1.mm ; 157.732 ; 0 ; 2 ; 163 ; 73 ; 67 ; 16 ; 0 ; 0 ; 0 ; -1.000 ; 1 ; 0.5 ; 0.2 ; 0 ; 1 ; 1 ; 1 ; 1 ; 1 ;
j3022_2.mm ; 415.117 ; 1 ; 5 ; 193 ; 358 ; 765 ; 41 ; 0 ; 0 ; 0 ; 0.000 ; 1 ; 0.5 ; 0.2 ; 0 ; 1 ; 1 ; 1 ; 1 ; 1 ;
j3022_3.mm ; 209.581 ; 1 ; 2 ; 124 ; 207 ; 332 ; 42 ; 0 ; 0 ; 0 ; 0.000 ; 1 ; 0.5 ; 0.2 ; 0 ; 1 ; 1 ; 1 ; 1 ; 1 ;
j3022_4.mm ; 32.507 ; 1 ; 0 ; 41 ; 16 ; 30 ; 7 ; 0 ; 0 ; 0 ; 0.000 ; 1 ; 0.5 ; 0.2 ; 0 ; 1 ; 1 ; 1 ; 1 ; 1 ;
j3022_5.mm ; 39.544 ; 4 ; 4 ; 194 ; 290 ; 109 ; 12 ; 0.458265 ; 0.114566 ; 1 ; 0.250 ; 1 ; 0.5 ; 0.2 ; 0 ; 1 ; 1 ; 1 ; 1 ; 1 ;
j3022_6.mm ; 66.178 ; 0 ; 0 ; 74 ; 12 ; 168 ; 11 ; 0 ; 0 ; 0 ; -1.000 ; 1 ; 0.5 ; 0.2 ; 0 ; 1 ; 1 ; 1 ; 1 ; 1 ;
j3022_7.mm ; 136.271 ; 0 ; 0 ; 90 ; 77 ; 169 ; 15 ; 0 ; 0 ; 0 ; -1.000 ; 1 ; 0.5 ; 0.2 ; 0 ; 1 ; 1 ; 1 ; 1 ; 1 ;
j3022_8.mm ; 498.938 ; 1 ; 10 ; 330 ; 364 ; 994 ; 53 ; 0 ; 0 ; 0 ; 0.000 ; 1 ; 0.5 ; 0.2 ; 0 ; 1 ; 1 ; 1 ; 1 ; 1 ;
j3022_9.mm ; 9.264 ; 0 ; 0 ; 48 ; 5 ; 10 ; 3 ; 0 ; 0 ; 0 ; -1.000 ; 1 ; 0.5 ; 0.2 ; 0 ; 1 ; 1 ; 1 ; 1 ; 1 ;
j3022_10.mm ; 166.643 ; 0 ; 0 ; 96 ; 37 ; 458 ; 15 ; 0 ; 0 ; 0 ; -1.000 ; 1 ; 0.5 ; 0.2 ; 0 ; 1 ; 1 ; 1 ; 1 ; 1 ;
j3023_1.mm ; 0.361 ; 0 ; 0 ; 5 ; 0 ; 0 ; 2 ; 0 ; 0 ; 0 ; -1.000 ; 1 ; 0.5 ; 0.2 ; 0 ; 1 ; 1 ; 1 ; 1 ; 1 ;
j3023_2.mm ; 0.916 ; 0 ; 0 ; 48 ; 3 ; 0 ; 3 ; 0 ; 0 ; 0 ; -1.000 ; 1 ; 0.5 ; 0.2 ; 0 ; 1 ; 1 ; 1 ; 1 ; 1 ;
j3023_3.mm ; 0.297 ; 0 ; 0 ; 6 ; 2 ; 0 ; 2 ; 0 ; 0 ; 0 ; -1.000 ; 1 ; 0.5 ; 0.2 ; 0 ; 1 ; 1 ; 1 ; 1 ; 1 ;
j3023_4.mm ; 27.689 ; 0 ; 0 ; 28 ; 5 ; 7 ; 5 ; 0 ; 0 ; 0 ; -1.000 ; 1 ; 0.5 ; 0.2 ; 0 ; 1 ; 1 ; 1 ; 1 ; 1 ;
j3023_5.mm ; 57.352 ; 0 ; 0 ; 72 ; 24 ; 178 ; 11 ; 0 ; 0 ; 0 ; -1.000 ; 1 ; 0.5 ; 0.2 ; 0 ; 1 ; 1 ; 1 ; 1 ; 1 ;
j3023_6.mm ; 13.603 ; 0 ; 0 ; 7 ; 0 ; 29 ; 3 ; 0 ; 0 ; 0 ; -1.000 ; 1 ; 0.5 ; 0.2 ; 0 ; 1 ; 1 ; 1 ; 1 ; 1 ;
j3023_7.mm ; 13.942 ; 0 ; 1 ; 33 ; 8 ; 22 ; 6 ; 0 ; 0 ; 0 ; -1.000 ; 1 ; 0.5 ; 0.2 ; 0 ; 1 ; 1 ; 1 ; 1 ; 1 ;
j3023_8.mm ; 30.622 ; 0 ; 0 ; 41 ; 12 ; 5 ; 6 ; 0 ; 0 ; 0 ; -1.000 ; 1 ; 0.5 ; 0.2 ; 0 ; 1 ; 1 ; 1 ; 1 ; 1 ;
j3023_9.mm ; 0.292 ; 0 ; 0 ; 5 ; 1 ; 0 ; 2 ; 0 ; 0 ; 0 ; -1.000 ; 1 ; 0.5 ; 0.2 ; 0 ; 1 ; 1 ; 1 ; 1 ; 1 ;
j3023_10.mm ; 286.477 ; 0 ; 0 ; 61 ; 54 ; 397 ; 72 ; 0 ; 0 ; 0 ; -1.000 ; 1 ; 0.5 ; 0.2 ; 0 ; 1 ; 1 ; 1 ; 1 ; 1 ;
j3024_1.mm ; 0.275 ; 0 ; 0 ; 0 ; 0 ; 0 ; 1 ; 0 ; 0 ; 0 ; -1.000 ; 1 ; 0.5 ; 0.2 ; 0 ; 1 ; 1 ; 1 ; 1 ; 1 ;
j3024_2.mm ; 0.277 ; 0 ; 0 ; 0 ; 0 ; 0 ; 1 ; 0 ; 0 ; 0 ; -1.000 ; 1 ; 0.5 ; 0.2 ; 0 ; 1 ; 1 ; 1 ; 1 ; 1 ;
j3024_3.mm ; 0.255 ; 0 ; 0 ; 0 ; 0 ; 0 ; 1 ; 0 ; 0 ; 0 ; -1.000 ; 1 ; 0.5 ; 0.2 ; 0 ; 1 ; 1 ; 1 ; 1 ; 1 ;
j3024_4.mm ; 0.282 ; 0 ; 0 ; 0 ; 0 ; 0 ; 1 ; 0 ; 0 ; 0 ; -1.000 ; 1 ; 0.5 ; 0.2 ; 0 ; 1 ; 1 ; 1 ; 1 ; 1 ;
j3024_5.mm ; 0.294 ; 0 ; 0 ; 0 ; 0 ; 0 ; 1 ; 0 ; 0 ; 0 ; -1.000 ; 1 ; 0.5 ; 0.2 ; 0 ; 1 ; 1 ; 1 ; 1 ; 1 ;
j3024_6.mm ; 0.280 ; 0 ; 0 ; 0 ; 0 ; 0 ; 1 ; 0 ; 0 ; 0 ; -1.000 ; 1 ; 0.5 ; 0.2 ; 0 ; 1 ; 1 ; 1 ; 1 ; 1 ;
j3024_7.mm ; 0.277 ; 0 ; 0 ; 0 ; 0 ; 0 ; 1 ; 0 ; 0 ; 0 ; -1.000 ; 1 ; 0.5 ; 0.2 ; 0 ; 1 ; 1 ; 1 ; 1 ; 1 ;
j3024_8.mm ; 0.285 ; 0 ; 0 ; 0 ; 0 ; 0 ; 1 ; 0 ; 0 ; 0 ; -1.000 ; 1 ; 0.5 ; 0.2 ; 0 ; 1 ; 1 ; 1 ; 1 ; 1 ;
j3024_9.mm ; 0.279 ; 0 ; 0 ; 0 ; 0 ; 0 ; 1 ; 0 ; 0 ; 0 ; -1.000 ; 1 ; 0.5 ; 0.2 ; 0 ; 1 ; 1 ; 1 ; 1 ; 1 ;
j3024_10.mm ; 0.353 ; 0 ; 0 ; 0 ; 0 ; 0 ; 1 ; 0 ; 0 ; 0 ; -1.000 ; 1 ; 0.5 ; 0.2 ; 0 ; 1 ; 1 ; 1 ; 1 ; 1 ;
j3025_1.mm ; 132.612 ; 2 ; 45 ; 127 ; 294 ; 694 ; 16 ; 1.2 ; 0.6 ; 2 ; 1.000 ; 1 ; 0.5 ; 0.2 ; 0 ; 1 ; 1 ; 1 ; 1 ; 1 ;
j3025_2.mm ; 95.312 ; 3 ; 43 ; 248 ; 428 ; 660 ; 16 ; 0.299141 ; 0.0997137 ; 1 ; 0.333 ; 1 ; 0.5 ; 0.2 ; 0 ; 1 ; 1 ; 1 ; 1 ; 1 ;
j3025_3.mm ; 172.784 ; 1 ; 15 ; 70 ; 93 ; 1138 ; 32 ; 0.0769231 ; 0.0769231 ; 1 ; 1.000 ; 1 ; 0.5 ; 0.2 ; 0 ; 1 ; 1 ; 1 ; 1 ; 1 ;
j3025_4.mm ; 55.128 ; 0 ; 1 ; 77 ; 46 ; 432 ; 8 ; 0 ; 0 ; 0 ; -1.000 ; 1 ; 0.5 ; 0.2 ; 0 ; 1 ; 1 ; 1 ; 1 ; 1 ;
j3025_5.mm ; 180.428 ; 1 ; 32 ; 82 ; 81 ; 1583 ; 31 ; 0 ; 0 ; 0 ; 0.000 ; 1 ; 0.5 ; 0.2 ; 0 ; 1 ; 1 ; 1 ; 1 ; 1 ;
j3025_6.mm ; 1605.071 ; 0 ; 1067542425 ; 1064624869 ; 1066742904 ; 1076356785 ; 143 ; 0 ; 0 ; 0 ; -1.000 ; 1 ; 0.5 ; 0.2 ; 0 ; 1 ; 1 ; 1 ; 1 ; 1 ;
j3025_7.mm ; 576.572 ; 0 ; 61 ; 246 ; 121 ; 2816 ; 47 ; 0 ; 0 ; 0 ; -1.000 ; 1 ; 0.5 ; 0.2 ; 0 ; 1 ; 1 ; 1 ; 1 ; 1 ;
j3025_8.mm ; 1297.260 ; 0 ; -1342177152 ; 1543504210 ; 1744831072 ; 1839997123 ; 186 ; 0 ; 0 ; 0 ; -1.000 ; 1 ; 0.5 ; 0.2 ; 0 ; 1 ; 1 ; 1 ; 1 ; 1 ;
j3025_9.mm ; 2248.633 ; 0 ; 95 ; 343 ; 128 ; 13415 ; 102 ; 0 ; 0 ; 0 ; -1.000 ; 1 ; 0.5 ; 0.2 ; 0 ; 1 ; 1 ; 1 ; 1 ; 1 ;
j3025_10.mm ; 349.237 ; 0 ; 34 ; 116 ; 61 ; 3187 ; 47 ; 0 ; 0 ; 0 ; -1.000 ; 1 ; 0.5 ; 0.2 ; 0 ; 1 ; 1 ; 1 ; 1 ; 1 ;
j3026_1.mm ; 57.613 ; 0 ; 1 ; 15 ; 6 ; 418 ; 15 ; 0 ; 0 ; 0 ; -1.000 ; 1 ; 0.5 ; 0.2 ; 0 ; 1 ; 1 ; 1 ; 1 ; 1 ;
j3026_2.mm ; 1373.419 ; 0 ; 1066672256 ; 1064935524 ; 1065434867 ; 1075051112 ; 205 ; 0 ; 0 ; 0 ; -1.000 ; 1 ; 0.5 ; 0.2 ; 0 ; 1 ; 1 ; 1 ; 1 ; 1 ;
j3026_3.mm ; 53.603 ; 0 ; 0 ; 287 ; 12 ; 30 ; 7 ; 0 ; 0 ; 0 ; -1.000 ; 1 ; 0.5 ; 0.2 ; 0 ; 1 ; 1 ; 1 ; 1 ; 1 ;
j3026_4.mm ; 22.846 ; 0 ; 0 ; 18 ; 5 ; 61 ; 6 ; 0 ; 0 ; 0 ; -1.000 ; 1 ; 0.5 ; 0.2 ; 0 ; 1 ; 1 ; 1 ; 1 ; 1 ;
j3026_5.mm ; 15.564 ; 0 ; 0 ; 30 ; 7 ; 74 ; 3 ; 0 ; 0 ; 0 ; -1.000 ; 1 ; 0.5 ; 0.2 ; 0 ; 1 ; 1 ; 1 ; 1 ; 1 ;
j3026_6.mm ; 51.621 ; 0 ; 0 ; 20 ; 4 ; 239 ; 12 ; 0 ; 0 ; 0 ; -1.000 ; 1 ; 0.5 ; 0.2 ; 0 ; 1 ; 1 ; 1 ; 1 ; 1 ;
j3026_7.mm ; 57.854 ; 0 ; 0 ; 49 ; 6 ; 36 ; 11 ; 0 ; 0 ; 0 ; -1.000 ; 1 ; 0.5 ; 0.2 ; 0 ; 1 ; 1 ; 1 ; 1 ; 1 ;
j3026_8.mm ; 20.003 ; 0 ; 0 ; 84 ; 6 ; 37 ; 5 ; 0 ; 0 ; 0 ; -1.000 ; 1 ; 0.5 ; 0.2 ; 0 ; 1 ; 1 ; 1 ; 1 ; 1 ;
j3026_9.mm ; 34.507 ; 2 ; 1 ; 78 ; 107 ; 100 ; 12 ; 0.81 ; 0.405 ; 1 ; 0.500 ; 1 ; 0.5 ; 0.2 ; 0 ; 1 ; 1 ; 1 ; 1 ; 1 ;
j3026_10.mm ; 13.554 ; 0 ; 0 ; 7 ; 0 ; 49 ; 6 ; 0 ; 0 ; 0 ; -1.000 ; 1 ; 0.5 ; 0.2 ; 0 ; 1 ; 1 ; 1 ; 1 ; 1 ;
j3027_1.mm ; 0.551 ; 0 ; 0 ; 109 ; 0 ; 0 ; 3 ; 0 ; 0 ; 0 ; -1.000 ; 1 ; 0.5 ; 0.2 ; 0 ; 1 ; 1 ; 1 ; 1 ; 1 ;
j3027_2.mm ; 0.303 ; 0 ; 0 ; 2 ; 0 ; 0 ; 2 ; 0 ; 0 ; 0 ; -1.000 ; 1 ; 0.5 ; 0.2 ; 0 ; 1 ; 1 ; 1 ; 1 ; 1 ;
j3027_3.mm ; 0.287 ; 0 ; 0 ; 0 ; 0 ; 0 ; 1 ; 0 ; 0 ; 0 ; -1.000 ; 1 ; 0.5 ; 0.2 ; 0 ; 1 ; 1 ; 1 ; 1 ; 1 ;
j3027_4.mm ; 0.282 ; 0 ; 0 ; 0 ; 0 ; 0 ; 1 ; 0 ; 0 ; 0 ; -1.000 ; 1 ; 0.5 ; 0.2 ; 0 ; 1 ; 1 ; 1 ; 1 ; 1 ;
j3027_5.mm ; 0.334 ; 0 ; 0 ; 0 ; 0 ; 0 ; 1 ; 0 ; 0 ; 0 ; -1.000 ; 1 ; 0.5 ; 0.2 ; 0 ; 1 ; 1 ; 1 ; 1 ; 1 ;
j3027_6.mm ; 9.761 ; 0 ; 0 ; 16 ; 5 ; 15 ; 5 ; 0 ; 0 ; 0 ; -1.000 ; 1 ; 0.5 ; 0.2 ; 0 ; 1 ; 1 ; 1 ; 1 ; 1 ;
j3027_7.mm ; 0.283 ; 0 ; 0 ; 0 ; 0 ; 0 ; 1 ; 0 ; 0 ; 0 ; -1.000 ; 1 ; 0.5 ; 0.2 ; 0 ; 1 ; 1 ; 1 ; 1 ; 1 ;
j3027_8.mm ; 72.060 ; 0 ; 0 ; 123 ; 10 ; 155 ; 7 ; 0 ; 0 ; 0 ; -1.000 ; 1 ; 0.5 ; 0.2 ; 0 ; 1 ; 1 ; 1 ; 1 ; 1 ;
j3027_9.mm ; 2.173 ; 0 ; 0 ; 10 ; 2 ; 0 ; 3 ; 0 ; 0 ; 0 ; -1.000 ; 1 ; 0.5 ; 0.2 ; 0 ; 1 ; 1 ; 1 ; 1 ; 1 ;
j3027_10.mm ; 0.549 ; 0 ; 0 ; 9 ; 4 ; 0 ; 4 ; 0 ; 0 ; 0 ; -1.000 ; 1 ; 0.5 ; 0.2 ; 0 ; 1 ; 1 ; 1 ; 1 ; 1 ;
j3028_1.mm ; 0.310 ; 0 ; 0 ; 0 ; 0 ; 0 ; 1 ; 0 ; 0 ; 0 ; -1.000 ; 1 ; 0.5 ; 0.2 ; 0 ; 1 ; 1 ; 1 ; 1 ; 1 ;
j3028_2.mm ; 0.332 ; 0 ; 0 ; 8 ; 0 ; 0 ; 2 ; 0 ; 0 ; 0 ; -1.000 ; 1 ; 0.5 ; 0.2 ; 0 ; 1 ; 1 ; 1 ; 1 ; 1 ;
j3028_3.mm ; 0.333 ; 0 ; 0 ; 1 ; 0 ; 0 ; 2 ; 0 ; 0 ; 0 ; -1.000 ; 1 ; 0.5 ; 0.2 ; 0 ; 1 ; 1 ; 1 ; 1 ; 1 ;
j3028_4.mm ; 0.336 ; 0 ; 0 ; 2 ; 0 ; 0 ; 2 ; 0 ; 0 ; 0 ; -1.000 ; 1 ; 0.5 ; 0.2 ; 0 ; 1 ; 1 ; 1 ; 1 ; 1 ;
j3028_5.mm ; 0.282 ; 0 ; 0 ; 0 ; 0 ; 0 ; 1 ; 0 ; 0 ; 0 ; -1.000 ; 1 ; 0.5 ; 0.2 ; 0 ; 1 ; 1 ; 1 ; 1 ; 1 ;
j3028_6.mm ; 0.291 ; 0 ; 0 ; 0 ; 0 ; 0 ; 1 ; 0 ; 0 ; 0 ; -1.000 ; 1 ; 0.5 ; 0.2 ; 0 ; 1 ; 1 ; 1 ; 1 ; 1 ;
j3028_7.mm ; 0.383 ; 0 ; 0 ; 8 ; 0 ; 0 ; 2 ; 0 ; 0 ; 0 ; -1.000 ; 1 ; 0.5 ; 0.2 ; 0 ; 1 ; 1 ; 1 ; 1 ; 1 ;
j3028_8.mm ; 0.334 ; 0 ; 0 ; 0 ; 0 ; 0 ; 1 ; 0 ; 0 ; 0 ; -1.000 ; 1 ; 0.5 ; 0.2 ; 0 ; 1 ; 1 ; 1 ; 1 ; 1 ;
j3028_9.mm ; 0.304 ; 0 ; 0 ; 0 ; 0 ; 0 ; 1 ; 0 ; 0 ; 0 ; -1.000 ; 1 ; 0.5 ; 0.2 ; 0 ; 1 ; 1 ; 1 ; 1 ; 1 ;
j3028_10.mm ; 0.285 ; 0 ; 0 ; 0 ; 0 ; 0 ; 1 ; 0 ; 0 ; 0 ; -1.000 ; 1 ; 0.5 ; 0.2 ; 0 ; 1 ; 1 ; 1 ; 1 ; 1 ;
j3029_1.mm ; 315.745 ; 8 ; 8 ; 478 ; 1026 ; 1487 ; 39 ; 0.913826 ; 0.114228 ; 1 ; 0.125 ; 1 ; 0.5 ; 0.2 ; 0 ; 1 ; 1 ; 1 ; 1 ; 1 ;
j3029_2.mm ; 128.083 ; 11 ; 4 ; 597 ; 1103 ; 2319 ; 40 ; 4.55723 ; 0.414293 ; 5 ; 0.455 ; 1 ; 0.5 ; 0.2 ; 0 ; 1 ; 1 ; 1 ; 1 ; 1 ;
j3029_3.mm ; 27.998 ; 6 ; 13 ; 320 ; 491 ; 395 ; 10 ; 0.843067 ; 0.140511 ; 1 ; 0.167 ; 1 ; 0.5 ; 0.2 ; 0 ; 1 ; 1 ; 1 ; 1 ; 1 ;
j3029_4.mm ; 192.514 ; 7 ; 4 ; 329 ; 1328 ; 3981 ; 49 ; 3.23947 ; 0.462781 ; 4 ; 0.571 ; 1 ; 0.5 ; 0.2 ; 0 ; 1 ; 1 ; 1 ; 1 ; 1 ;
j3029_5.mm ; 206.961 ; 9 ; 11 ; 395 ; 761 ; 583 ; 47 ; 3.78108 ; 0.42012 ; 4 ; 0.444 ; 1 ; 0.5 ; 0.2 ; 0 ; 1 ; 1 ; 1 ; 1 ; 1 ;
j3029_6.mm ; 374.707 ; 13 ; 13 ; 631 ; 2635 ; 2589 ; 94 ; 4.67577 ; 0.359675 ; 5 ; 0.385 ; 1 ; 0.5 ; 0.2 ; 0 ; 1 ; 1 ; 1 ; 1 ; 1 ;
j3029_7.mm ; 403.445 ; 5 ; 25 ; 299 ; 469 ; 5147 ; 90 ; 0.65723 ; 0.131446 ; 1 ; 0.200 ; 1 ; 0.5 ; 0.2 ; 0 ; 1 ; 1 ; 1 ; 1 ; 1 ;
j3029_8.mm ; 1288.820 ; 15 ; 25 ; 1151 ; 8495 ; 9493 ; 87 ; 4.68652 ; 0.312435 ; 5 ; 0.333 ; 1 ; 0.5 ; 0.2 ; 0 ; 1 ; 1 ; 1 ; 1 ; 1 ;
j3029_9.mm ; 3348.191 ; 11 ; 1068150253 ; 1066271374 ; 1075882270 ; 7941 ; 295 ; 4.31825 ; 0.392568 ; 5 ; 0.455 ; 1 ; 0.5 ; 0.2 ; 0 ; 1 ; 1 ; 1 ; 1 ; 1 ;
j3029_10.mm ; 550.706 ; 6 ; 17 ; 376 ; 838 ; 781 ; 54 ; 1.17237 ; 0.195396 ; 2 ; 0.333 ; 1 ; 0.5 ; 0.2 ; 0 ; 1 ; 1 ; 1 ; 1 ; 1 ;
j3030_1.mm ; 421.247 ; 0 ; 4 ; 302 ; 294 ; 1096 ; 22 ; 0 ; 0 ; 0 ; -1.000 ; 1 ; 0.5 ; 0.2 ; 0 ; 1 ; 1 ; 1 ; 1 ; 1 ;
j3030_2.mm ; 62.472 ; 2 ; 2 ; 118 ; 168 ; 142 ; 8 ; 0 ; 0 ; 0 ; 0.000 ; 1 ; 0.5 ; 0.2 ; 0 ; 1 ; 1 ; 1 ; 1 ; 1 ;
j3030_3.mm ; 413.236 ; 3 ; 7 ; 172 ; 320 ; 155 ; 31 ; 0.389001 ; 0.129667 ; 1 ; 0.333 ; 1 ; 0.5 ; 0.2 ; 0 ; 1 ; 1 ; 1 ; 1 ; 1 ;
j3030_4.mm ; 1478.070 ; 0 ; 5 ; 90 ; 17 ; 2705 ; 117 ; 0 ; 0 ; 0 ; -1.000 ; 1 ; 0.5 ; 0.2 ; 0 ; 1 ; 1 ; 1 ; 1 ; 1 ;
j3030_5.mm ; 1539.569 ; 0 ; 1 ; 165 ; 387 ; 1111 ; 112 ; 0 ; 0 ; 0 ; -1.000 ; 1 ; 0.5 ; 0.2 ; 0 ; 1 ; 1 ; 1 ; 1 ; 1 ;
j3030_6.mm ; 594.129 ; 0 ; 3 ; 182 ; 155 ; 108 ; 26 ; 0 ; 0 ; 0 ; -1.000 ; 1 ; 0.5 ; 0.2 ; 0 ; 1 ; 1 ; 1 ; 1 ; 1 ;
j3030_7.mm ; 47.579 ; 0 ; 0 ; 19 ; 2 ; 65 ; 6 ; 0 ; 0 ; 0 ; -1.000 ; 1 ; 0.5 ; 0.2 ; 0 ; 1 ; 1 ; 1 ; 1 ; 1 ;
j3030_8.mm ; 1579.956 ; 0 ; 0 ; 204 ; 205 ; 1654 ; 94 ; 0 ; 0 ; 0 ; -1.000 ; 1 ; 0.5 ; 0.2 ; 0 ; 1 ; 1 ; 1 ; 1 ; 1 ;
j3030_9.mm ; 564.877 ; 0 ; 0 ; 310 ; 108 ; 231 ; 19 ; 0 ; 0 ; 0 ; -1.000 ; 1 ; 0.5 ; 0.2 ; 0 ; 1 ; 1 ; 1 ; 1 ; 1 ;
j3030_10.mm ; 146.192 ; 1 ; 0 ; 66 ; 48 ; 141 ; 13 ; 0 ; 0 ; 0 ; 0.000 ; 1 ; 0.5 ; 0.2 ; 0 ; 1 ; 1 ; 1 ; 1 ; 1 ;
j3031_1.mm ; 85.337 ; 0 ; 0 ; 58 ; 26 ; 112 ; 10 ; 0 ; 0 ; 0 ; -1.000 ; 1 ; 0.5 ; 0.2 ; 0 ; 1 ; 1 ; 1 ; 1 ; 1 ;
j3031_2.mm ; 25.373 ; 0 ; 0 ; 60 ; 7 ; 10 ; 5 ; 0 ; 0 ; 0 ; -1.000 ; 1 ; 0.5 ; 0.2 ; 0 ; 1 ; 1 ; 1 ; 1 ; 1 ;
j3031_3.mm ; 8.167 ; 0 ; 0 ; 30 ; 4 ; 0 ; 3 ; 0 ; 0 ; 0 ; -1.000 ; 1 ; 0.5 ; 0.2 ; 0 ; 1 ; 1 ; 1 ; 1 ; 1 ;
j3031_4.mm ; 715.002 ; 0 ; 0 ; 160 ; 96 ; 953 ; 48 ; 0 ; 0 ; 0 ; -1.000 ; 1 ; 0.5 ; 0.2 ; 0 ; 1 ; 1 ; 1 ; 1 ; 1 ;
j3031_5.mm ; 56.166 ; 0 ; 0 ; 25 ; 4 ; 0 ; 4 ; 0 ; 0 ; 0 ; -1.000 ; 1 ; 0.5 ; 0.2 ; 0 ; 1 ; 1 ; 1 ; 1 ; 1 ;
j3031_6.mm ; 48.023 ; 0 ; 0 ; 32 ; 6 ; 42 ; 3 ; 0 ; 0 ; 0 ; -1.000 ; 1 ; 0.5 ; 0.2 ; 0 ; 1 ; 1 ; 1 ; 1 ; 1 ;
j3031_7.mm ; 0.463 ; 0 ; 0 ; 0 ; 0 ; 0 ; 1 ; 0 ; 0 ; 0 ; -1.000 ; 1 ; 0.5 ; 0.2 ; 0 ; 1 ; 1 ; 1 ; 1 ; 1 ;
j3031_8.mm ; 8.348 ; 0 ; 0 ; 25 ; 5 ; 0 ; 2 ; 0 ; 0 ; 0 ; -1.000 ; 1 ; 0.5 ; 0.2 ; 0 ; 1 ; 1 ; 1 ; 1 ; 1 ;
j3031_9.mm ; 0.562 ; 0 ; 0 ; 0 ; 0 ; 0 ; 1 ; 0 ; 0 ; 0 ; -1.000 ; 1 ; 0.5 ; 0.2 ; 0 ; 1 ; 1 ; 1 ; 1 ; 1 ;
j3031_10.mm ; 0.378 ; 0 ; 0 ; 12 ; 5 ; 0 ; 3 ; 0 ; 0 ; 0 ; -1.000 ; 1 ; 0.5 ; 0.2 ; 0 ; 1 ; 1 ; 1 ; 1 ; 1 ;
j3032_1.mm ; 0.505 ; 0 ; 0 ; 0 ; 0 ; 0 ; 1 ; 0 ; 0 ; 0 ; -1.000 ; 1 ; 0.5 ; 0.2 ; 0 ; 1 ; 1 ; 1 ; 1 ; 1 ;
j3032_2.mm ; 0.494 ; 0 ; 0 ; 0 ; 0 ; 0 ; 1 ; 0 ; 0 ; 0 ; -1.000 ; 1 ; 0.5 ; 0.2 ; 0 ; 1 ; 1 ; 1 ; 1 ; 1 ;
j3032_3.mm ; 0.472 ; 0 ; 0 ; 0 ; 0 ; 0 ; 1 ; 0 ; 0 ; 0 ; -1.000 ; 1 ; 0.5 ; 0.2 ; 0 ; 1 ; 1 ; 1 ; 1 ; 1 ;
j3032_4.mm ; 0.502 ; 0 ; 0 ; 0 ; 0 ; 0 ; 1 ; 0 ; 0 ; 0 ; -1.000 ; 1 ; 0.5 ; 0.2 ; 0 ; 1 ; 1 ; 1 ; 1 ; 1 ;
j3032_5.mm ; 0.416 ; 0 ; 0 ; 0 ; 0 ; 0 ; 1 ; 0 ; 0 ; 0 ; -1.000 ; 1 ; 0.5 ; 0.2 ; 0 ; 1 ; 1 ; 1 ; 1 ; 1 ;
j3032_6.mm ; 0.520 ; 0 ; 0 ; 0 ; 0 ; 0 ; 1 ; 0 ; 0 ; 0 ; -1.000 ; 1 ; 0.5 ; 0.2 ; 0 ; 1 ; 1 ; 1 ; 1 ; 1 ;
j3032_7.mm ; 0.411 ; 0 ; 0 ; 0 ; 0 ; 0 ; 1 ; 0 ; 0 ; 0 ; -1.000 ; 1 ; 0.5 ; 0.2 ; 0 ; 1 ; 1 ; 1 ; 1 ; 1 ;
j3032_8.mm ; 0.519 ; 0 ; 0 ; 0 ; 0 ; 0 ; 1 ; 0 ; 0 ; 0 ; -1.000 ; 1 ; 0.5 ; 0.2 ; 0 ; 1 ; 1 ; 1 ; 1 ; 1 ;
j3032_9.mm ; 0.412 ; 0 ; 0 ; 0 ; 0 ; 0 ; 1 ; 0 ; 0 ; 0 ; -1.000 ; 1 ; 0.5 ; 0.2 ; 0 ; 1 ; 1 ; 1 ; 1 ; 1 ;
j3032_10.mm ; 0.406 ; 0 ; 0 ; 0 ; 0 ; 0 ; 1 ; 0 ; 0 ; 0 ; -1.000 ; 1 ; 0.5 ; 0.2 ; 0 ; 1 ; 1 ; 1 ; 1 ; 1 ;
j3033_1.mm ; 58.549 ; 13 ; 5 ; 635 ; 1028 ; 466 ; 11 ; 6.42162 ; 0.493971 ; 7 ; 0.538 ; 1 ; 0.5 ; 0.2 ; 0 ; 1 ; 1 ; 1 ; 1 ; 1 ;
j3033_2.mm ; 68.489 ; 14 ; 7 ; 583 ; 1567 ; 573 ; 9 ; 9.25671 ; 0.661194 ; 10 ; 0.714 ; 1 ; 0.5 ; 0.2 ; 0 ; 1 ; 1 ; 1 ; 1 ; 1 ;
j3033_3.mm ; 553.702 ; 16 ; 33 ; 640 ; 1085 ; 366 ; 38 ; 14.2122 ; 0.888265 ; 15 ; 0.938 ; 1 ; 0.5 ; 0.2 ; 0 ; 1 ; 1 ; 1 ; 1 ; 1 ;
j3033_4.mm ; 385.775 ; 23 ; 36 ; 881 ; 970 ; 513 ; 22 ; 19.2945 ; 0.83889 ; 20 ; 0.870 ; 1 ; 0.5 ; 0.2 ; 0 ; 1 ; 1 ; 1 ; 1 ; 1 ;
j3033_5.mm ; 290.019 ; 12 ; 33 ; 616 ; 1083 ; 1412 ; 26 ; 9.6407 ; 0.803392 ; 10 ; 0.833 ; 1 ; 0.5 ; 0.2 ; 0 ; 1 ; 1 ; 1 ; 1 ; 1 ;
j3033_6.mm ; 180.196 ; 14 ; 26 ; 536 ; 782 ; 1789 ; 22 ; 9.90574 ; 0.707553 ; 10 ; 0.714 ; 1 ; 0.5 ; 0.2 ; 0 ; 1 ; 1 ; 1 ; 1 ; 1 ;
j3033_7.mm ; 188.783 ; 14 ; 26 ; 546 ; 686 ; 286 ; 28 ; 10.6449 ; 0.760353 ; 11 ; 0.786 ; 1 ; 0.5 ; 0.2 ; 0 ; 1 ; 1 ; 1 ; 1 ; 1 ;
j3033_8.mm ; 113.625 ; 11 ; 5 ; 510 ; 1082 ; 56 ; 13 ; 6.11962 ; 0.55633 ; 7 ; 0.636 ; 1 ; 0.5 ; 0.2 ; 0 ; 1 ; 1 ; 1 ; 1 ; 1 ;
j3033_9.mm ; 182.274 ; 15 ; 11 ; 619 ; 3160 ; 904 ; 17 ; 10.3737 ; 0.691579 ; 11 ; 0.733 ; 1 ; 0.5 ; 0.2 ; 0 ; 1 ; 1 ; 1 ; 1 ; 1 ;
j3033_10.mm ; 140.003 ; 10 ; 8 ; 458 ; 755 ; 378 ; 24 ; 7.2641 ; 0.72641 ; 8 ; 0.800 ; 1 ; 0.5 ; 0.2 ; 0 ; 1 ; 1 ; 1 ; 1 ; 1 ;
j3034_1.mm ; 51.838 ; 5 ; 1 ; 385 ; 398 ; 39 ; 24 ; 3.64583 ; 0.729167 ; 4 ; 0.800 ; 1 ; 0.5 ; 0.2 ; 0 ; 1 ; 1 ; 1 ; 1 ; 1 ;
j3034_2.mm ; 95.381 ; 8 ; 6 ; 397 ; 576 ; 170 ; 12 ; 6.33402 ; 0.791752 ; 7 ; 0.875 ; 1 ; 0.5 ; 0.2 ; 0 ; 1 ; 1 ; 1 ; 1 ; 1 ;
j3034_3.mm ; 256.089 ; 14 ; 6 ; 525 ; 547 ; 298 ; 18 ; 12.6296 ; 0.902116 ; 13 ; 0.929 ; 1 ; 0.5 ; 0.2 ; 0 ; 1 ; 1 ; 1 ; 1 ; 1 ;
j3034_4.mm ; 109.629 ; 15 ; 7 ; 511 ; 512 ; 146 ; 11 ; 12.494 ; 0.832932 ; 13 ; 0.867 ; 1 ; 0.5 ; 0.2 ; 0 ; 1 ; 1 ; 1 ; 1 ; 1 ;
j3034_5.mm ; 140.712 ; 13 ; 10 ; 476 ; 411 ; 98 ; 17 ; 11.1747 ; 0.859595 ; 12 ; 0.923 ; 1 ; 0.5 ; 0.2 ; 0 ; 1 ; 1 ; 1 ; 1 ; 1 ;
j3034_6.mm ; 64.784 ; 14 ; 4 ; 495 ; 743 ; 64 ; 9 ; 11.406 ; 0.814717 ; 12 ; 0.857 ; 1 ; 0.5 ; 0.2 ; 0 ; 1 ; 1 ; 1 ; 1 ; 1 ;
j3034_7.mm ; 46.593 ; 17 ; 3 ; 575 ; 634 ; 13 ; 10 ; 15.3902 ; 0.905308 ; 16 ; 0.941 ; 1 ; 0.5 ; 0.2 ; 0 ; 1 ; 1 ; 1 ; 1 ; 1 ;
j3034_8.mm ; 160.656 ; 23 ; 16 ; 891 ; 1187 ; 136 ; 35 ; 22.0455 ; 0.958498 ; 23 ; 1.000 ; 1 ; 0.5 ; 0.2 ; 0 ; 1 ; 1 ; 1 ; 1 ; 1 ;
j3034_9.mm ; 6.551 ; 13 ; 2 ; 377 ; 302 ; 4 ; 7 ; 12.2336 ; 0.941044 ; 13 ; 1.000 ; 1 ; 0.5 ; 0.2 ; 0 ; 1 ; 1 ; 1 ; 1 ; 1 ;
j3034_10.mm ; 143.660 ; 18 ; 14 ; 783 ; 1234 ; 165 ; 13 ; 15.5942 ; 0.866344 ; 16 ; 0.889 ; 1 ; 0.5 ; 0.2 ; 0 ; 1 ; 1 ; 1 ; 1 ; 1 ;
j3035_1.mm ; 62.574 ; 12 ; 1 ; 358 ; 398 ; 7 ; 11 ; 11.0524 ; 0.921035 ; 12 ; 1.000 ; 1 ; 0.5 ; 0.2 ; 0 ; 1 ; 1 ; 1 ; 1 ; 1 ;
j3035_2.mm ; 24.967 ; 9 ; 0 ; 327 ; 296 ; 0 ; 10 ; 7.5 ; 0.833333 ; 8 ; 0.889 ; 1 ; 0.5 ; 0.2 ; 0 ; 1 ; 1 ; 1 ; 1 ; 1 ;
j3035_3.mm ; 19.015 ; 5 ; 1 ; 231 ; 146 ; 2 ; 7 ; 3.95082 ; 0.790164 ; 4 ; 0.800 ; 1 ; 0.5 ; 0.2 ; 0 ; 1 ; 1 ; 1 ; 1 ; 1 ;
j3035_4.mm ; 20.391 ; 13 ; 0 ; 403 ; 753 ; 0 ; 11 ; 12.7917 ; 0.983974 ; 13 ; 1.000 ; 1 ; 0.5 ; 0.2 ; 0 ; 1 ; 1 ; 1 ; 1 ; 1 ;
j3035_5.mm ; 4.759 ; 7 ; 0 ; 393 ; 385 ; 0 ; 13 ; 6.09091 ; 0.87013 ; 7 ; 1.000 ; 1 ; 0.5 ; 0.2 ; 0 ; 1 ; 1 ; 1 ; 1 ; 1 ;
j3035_6.mm ; 1.764 ; 4 ; 0 ; 258 ; 128 ; 0 ; 9 ; 3.42857 ; 0.857143 ; 4 ; 1.000 ; 1 ; 0.5 ; 0.2 ; 0 ; 1 ; 1 ; 1 ; 1 ; 1 ;
j3035_7.mm ; 12.688 ; 9 ; 1 ; 347 ; 354 ; 0 ; 20 ; 8.13462 ; 0.903846 ; 9 ; 1.000 ; 1 ; 0.5 ; 0.2 ; 0 ; 1 ; 1 ; 1 ; 1 ; 1 ;
j3035_8.mm ; 10.954 ; 7 ; 0 ; 263 ; 285 ; 4 ; 7 ; 6.53846 ; 0.934066 ; 7 ; 1.000 ; 1 ; 0.5 ; 0.2 ; 0 ; 1 ; 1 ; 1 ; 1 ; 1 ;
j3035_9.mm ; 3.804 ; 5 ; 0 ; 315 ; 481 ; 0 ; 11 ; 2.70635 ; 0.54127 ; 3 ; 0.600 ; 1 ; 0.5 ; 0.2 ; 0 ; 1 ; 1 ; 1 ; 1 ; 1 ;
j3035_10.mm ; 21.331 ; 22 ; 2 ; 887 ; 907 ; 0 ; 16 ; 20.5 ; 0.931818 ; 21 ; 0.955 ; 1 ; 0.5 ; 0.2 ; 0 ; 1 ; 1 ; 1 ; 1 ; 1 ;
j3036_1.mm ; 0.048 ; 0 ; 0 ; 0 ; 0 ; 0 ; 1 ; -1 ; 0 ; 0 ; -1.000 ; 1 ; 0.5 ; 0.2 ; 0 ; 1 ; 1 ; 1 ; 1 ; 1 ;
j3036_2.mm ; 0.022 ; 0 ; 0 ; 0 ; 0 ; 0 ; 1 ; -1 ; 0 ; 0 ; -1.000 ; 1 ; 0.5 ; 0.2 ; 0 ; 1 ; 1 ; 1 ; 1 ; 1 ;
j3036_3.mm ; 0.056 ; 0 ; 0 ; 0 ; 0 ; 0 ; 1 ; -1 ; 0 ; 0 ; -1.000 ; 1 ; 0.5 ; 0.2 ; 0 ; 1 ; 1 ; 1 ; 1 ; 1 ;
j3036_4.mm ; 0.055 ; 0 ; 0 ; 0 ; 0 ; 0 ; 1 ; -1 ; 0 ; 0 ; -1.000 ; 1 ; 0.5 ; 0.2 ; 0 ; 1 ; 1 ; 1 ; 1 ; 1 ;
j3036_5.mm ; 0.086 ; 0 ; 0 ; 0 ; 0 ; 0 ; 1 ; -1 ; 0 ; 0 ; -1.000 ; 1 ; 0.5 ; 0.2 ; 0 ; 1 ; 1 ; 1 ; 1 ; 1 ;
j3036_6.mm ; 0.034 ; 0 ; 0 ; 0 ; 0 ; 0 ; 1 ; -1 ; 0 ; 0 ; -1.000 ; 1 ; 0.5 ; 0.2 ; 0 ; 1 ; 1 ; 1 ; 1 ; 1 ;
j3036_7.mm ; 0.045 ; 0 ; 0 ; 0 ; 0 ; 0 ; 1 ; -1 ; 0 ; 0 ; -1.000 ; 1 ; 0.5 ; 0.2 ; 0 ; 1 ; 1 ; 1 ; 1 ; 1 ;
j3036_8.mm ; 0.029 ; 0 ; 0 ; 0 ; 0 ; 0 ; 1 ; -1 ; 0 ; 0 ; -1.000 ; 1 ; 0.5 ; 0.2 ; 0 ; 1 ; 1 ; 1 ; 1 ; 1 ;
j3036_9.mm ; 0.036 ; 0 ; 0 ; 0 ; 0 ; 0 ; 1 ; -1 ; 0 ; 0 ; -1.000 ; 1 ; 0.5 ; 0.2 ; 0 ; 1 ; 1 ; 1 ; 1 ; 1 ;
j3036_10.mm ; 0.046 ; 0 ; 0 ; 0 ; 0 ; 0 ; 1 ; -1 ; 0 ; 0 ; -1.000 ; 1 ; 0.5 ; 0.2 ; 0 ; 1 ; 1 ; 1 ; 1 ; 1 ;
j3037_1.mm ; 213.797 ; 29 ; 7 ; 1341 ; 2302 ; 501 ; 30 ; 18.6918 ; 0.644544 ; 19 ; 0.655 ; 1 ; 0.5 ; 0.2 ; 0 ; 1 ; 1 ; 1 ; 1 ; 1 ;
j3037_2.mm ; 698.553 ; 31 ; 13 ; 1596 ; 5630 ; 1223 ; 98 ; 17.2908 ; 0.557769 ; 18 ; 0.581 ; 1 ; 0.5 ; 0.2 ; 0 ; 1 ; 1 ; 1 ; 1 ; 1 ;
j3037_3.mm ; 278.926 ; 31 ; 4 ; 1327 ; 6067 ; 271 ; 16 ; 20.9475 ; 0.675725 ; 21 ; 0.677 ; 1 ; 0.5 ; 0.2 ; 0 ; 1 ; 1 ; 1 ; 1 ; 1 ;
j3037_4.mm ; 166.640 ; 23 ; 1 ; 888 ; 4304 ; 13 ; 28 ; 13.6924 ; 0.59532 ; 14 ; 0.609 ; 1 ; 0.5 ; 0.2 ; 0 ; 1 ; 1 ; 1 ; 1 ; 1 ;
j3037_5.mm ; 969.020 ; 15 ; -301989877 ; -939523542 ; -689962044 ; -2091646168 ; 152 ; 10.7522 ; 0.716811 ; 11 ; 0.733 ; 1 ; 0.5 ; 0.2 ; 0 ; 1 ; 1 ; 1 ; 1 ; 1 ;
j3037_6.mm ; 392.202 ; 26 ; 8 ; 1040 ; 8109 ; 413 ; 25 ; 15.9952 ; 0.615201 ; 16 ; 0.615 ; 1 ; 0.5 ; 0.2 ; 0 ; 1 ; 1 ; 1 ; 1 ; 1 ;
j3037_7.mm ; 191.710 ; 31 ; 3 ; 1264 ; 2935 ; 359 ; 17 ; 20.4765 ; 0.660531 ; 21 ; 0.677 ; 1 ; 0.5 ; 0.2 ; 0 ; 1 ; 1 ; 1 ; 1 ; 1 ;
j3037_8.mm ; 49.104 ; 23 ; 0 ; 898 ; 1435 ; 42 ; 11 ; 17.1797 ; 0.746945 ; 18 ; 0.783 ; 1 ; 0.5 ; 0.2 ; 0 ; 1 ; 1 ; 1 ; 1 ; 1 ;
j3037_9.mm ; 1185.547 ; 30 ; 6 ; 1218 ; 2400 ; 949 ; 90 ; 19.464 ; 0.6488 ; 20 ; 0.667 ; 1 ; 0.5 ; 0.2 ; 0 ; 1 ; 1 ; 1 ; 1 ; 1 ;
j3037_10.mm ; 42.529 ; 19 ; 0 ; 756 ; 1193 ; 0 ; 10 ; 14.2076 ; 0.747767 ; 15 ; 0.789 ; 1 ; 0.5 ; 0.2 ; 0 ; 1 ; 1 ; 1 ; 1 ; 1 ;
j3038_1.mm ; 51.142 ; 5 ; 0 ; 238 ; 224 ; 20 ; 7 ; 4.45455 ; 0.890909 ; 5 ; 1.000 ; 1 ; 0.5 ; 0.2 ; 0 ; 1 ; 1 ; 1 ; 1 ; 1 ;
j3038_2.mm ; 18.080 ; 5 ; 0 ; 359 ; 555 ; 0 ; 13 ; 3.3287 ; 0.665739 ; 4 ; 0.800 ; 1 ; 0.5 ; 0.2 ; 0 ; 1 ; 1 ; 1 ; 1 ; 1 ;
j3038_3.mm ; 19.323 ; 10 ; 0 ; 358 ; 510 ; 0 ; 12 ; 8.02412 ; 0.802412 ; 9 ; 0.900 ; 1 ; 0.5 ; 0.2 ; 0 ; 1 ; 1 ; 1 ; 1 ; 1 ;
j3038_4.mm ; 1103.357 ; 17 ; 2 ; 666 ; 1296 ; 230 ; 77 ; 12.9963 ; 0.76449 ; 13 ; 0.765 ; 1 ; 0.5 ; 0.2 ; 0 ; 1 ; 1 ; 1 ; 1 ; 1 ;
j3038_5.mm ; 92.735 ; 15 ; 4 ; 601 ; 1279 ; 9 ; 11 ; 10.6668 ; 0.711121 ; 11 ; 0.733 ; 1 ; 0.5 ; 0.2 ; 0 ; 1 ; 1 ; 1 ; 1 ; 1 ;
j3038_6.mm ; 21.039 ; 11 ; 0 ; 374 ; 513 ; 0 ; 10 ; 9.49666 ; 0.863333 ; 10 ; 0.909 ; 1 ; 0.5 ; 0.2 ; 0 ; 1 ; 1 ; 1 ; 1 ; 1 ;
j3038_7.mm ; 43.512 ; 16 ; 0 ; 561 ; 807 ; 0 ; 9 ; 13.2131 ; 0.825817 ; 14 ; 0.875 ; 1 ; 0.5 ; 0.2 ; 0 ; 1 ; 1 ; 1 ; 1 ; 1 ;
j3038_8.mm ; 52.038 ; 16 ; 2 ; 647 ; 1061 ; 0 ; 10 ; 14.199 ; 0.887439 ; 15 ; 0.938 ; 1 ; 0.5 ; 0.2 ; 0 ; 1 ; 1 ; 1 ; 1 ; 1 ;
j3038_9.mm ; 115.487 ; 17 ; 1 ; 595 ; 724 ; 6 ; 10 ; 14.9399 ; 0.878816 ; 15 ; 0.882 ; 1 ; 0.5 ; 0.2 ; 0 ; 1 ; 1 ; 1 ; 1 ; 1 ;
j3038_10.mm ; 18.786 ; 9 ; 1 ; 368 ; 665 ; 9 ; 7 ; 8.06977 ; 0.896641 ; 9 ; 1.000 ; 1 ; 0.5 ; 0.2 ; 0 ; 1 ; 1 ; 1 ; 1 ; 1 ;
j3039_1.mm ; 9.525 ; 10 ; 0 ; 420 ; 617 ; 0 ; 13 ; 8.70732 ; 0.870732 ; 9 ; 0.900 ; 1 ; 0.5 ; 0.2 ; 0 ; 1 ; 1 ; 1 ; 1 ; 1 ;
j3039_2.mm ; 46.981 ; 14 ; 0 ; 504 ; 887 ; 0 ; 12 ; 12.206 ; 0.871856 ; 13 ; 0.929 ; 1 ; 0.5 ; 0.2 ; 0 ; 1 ; 1 ; 1 ; 1 ; 1 ;
j3039_3.mm ; 43.829 ; 8 ; 3 ; 401 ; 291 ; 22 ; 11 ; 5.57143 ; 0.696429 ; 6 ; 0.750 ; 1 ; 0.5 ; 0.2 ; 0 ; 1 ; 1 ; 1 ; 1 ; 1 ;
j3039_4.mm ; 10.485 ; 6 ; 0 ; 299 ; 266 ; 0 ; 11 ; 4.67899 ; 0.779832 ; 5 ; 0.833 ; 1 ; 0.5 ; 0.2 ; 0 ; 1 ; 1 ; 1 ; 1 ; 1 ;
j3039_5.mm ; 29.566 ; 5 ; 0 ; 179 ; 162 ; 6 ; 8 ; 4.27778 ; 0.855556 ; 5 ; 1.000 ; 1 ; 0.5 ; 0.2 ; 0 ; 1 ; 1 ; 1 ; 1 ; 1 ;
j3039_6.mm ; 38.628 ; 9 ; 3 ; 378 ; 699 ; 0 ; 10 ; 6.83102 ; 0.759002 ; 7 ; 0.778 ; 1 ; 0.5 ; 0.2 ; 0 ; 1 ; 1 ; 1 ; 1 ; 1 ;
j3039_7.mm ; 26.935 ; 9 ; 1 ; 223 ; 173 ; 8 ; 9 ; 8.2 ; 0.911111 ; 9 ; 1.000 ; 1 ; 0.5 ; 0.2 ; 0 ; 1 ; 1 ; 1 ; 1 ; 1 ;
j3039_8.mm ; 12.316 ; 11 ; 0 ; 367 ; 454 ; 0 ; 7 ; 8.51791 ; 0.774355 ; 9 ; 0.818 ; 1 ; 0.5 ; 0.2 ; 0 ; 1 ; 1 ; 1 ; 1 ; 1 ;
j3039_9.mm ; 3.663 ; 5 ; 0 ; 243 ; 246 ; 5 ; 7 ; 2.86082 ; 0.572164 ; 3 ; 0.600 ; 1 ; 0.5 ; 0.2 ; 0 ; 1 ; 1 ; 1 ; 1 ; 1 ;
j3039_10.mm ; 96.531 ; 12 ; 1 ; 449 ; 753 ; 19 ; 15 ; 9.83491 ; 0.819576 ; 10 ; 0.833 ; 1 ; 0.5 ; 0.2 ; 0 ; 1 ; 1 ; 1 ; 1 ; 1 ;
j3040_1.mm ; 96.161 ; 11 ; 0 ; 471 ; 681 ; 21 ; 11 ; 10 ; 0.909091 ; 10 ; 0.909 ; 1 ; 0.5 ; 0.2 ; 0 ; 1 ; 1 ; 1 ; 1 ; 1 ;
j3040_2.mm ; 2.508 ; 6 ; 0 ; 311 ; 404 ; 0 ; 8 ; 5.14286 ; 0.857143 ; 6 ; 1.000 ; 1 ; 0.5 ; 0.2 ; 0 ; 1 ; 1 ; 1 ; 1 ; 1 ;
j3040_3.mm ; 3.757 ; 11 ; 0 ; 394 ; 518 ; 0 ; 11 ; 9.31579 ; 0.84689 ; 10 ; 0.909 ; 1 ; 0.5 ; 0.2 ; 0 ; 1 ; 1 ; 1 ; 1 ; 1 ;
j3040_4.mm ; 7.552 ; 12 ; 0 ; 507 ; 516 ; 0 ; 13 ; 11.3026 ; 0.941886 ; 12 ; 1.000 ; 1 ; 0.5 ; 0.2 ; 0 ; 1 ; 1 ; 1 ; 1 ; 1 ;
j3040_5.mm ; 5.662 ; 9 ; 0 ; 485 ; 504 ; 0 ; 13 ; 8.15 ; 0.905556 ; 9 ; 1.000 ; 1 ; 0.5 ; 0.2 ; 0 ; 1 ; 1 ; 1 ; 1 ; 1 ;
j3040_6.mm ; 9.807 ; 11 ; 1 ; 367 ; 495 ; 2 ; 11 ; 10.0556 ; 0.914141 ; 11 ; 1.000 ; 1 ; 0.5 ; 0.2 ; 0 ; 1 ; 1 ; 1 ; 1 ; 1 ;
j3040_7.mm ; 11.243 ; 16 ; 0 ; 575 ; 403 ; 0 ; 9 ; 16 ; 1 ; 16 ; 1.000 ; 1 ; 0.5 ; 0.2 ; 0 ; 1 ; 1 ; 1 ; 1 ; 1 ;
j3040_8.mm ; 2.945 ; 8 ; 0 ; 338 ; 250 ; 0 ; 13 ; 7.75 ; 0.96875 ; 8 ; 1.000 ; 1 ; 0.5 ; 0.2 ; 0 ; 1 ; 1 ; 1 ; 1 ; 1 ;
j3040_9.mm ; 5.714 ; 9 ; 0 ; 444 ; 514 ; 0 ; 9 ; 9 ; 1 ; 9 ; 1.000 ; 1 ; 0.5 ; 0.2 ; 0 ; 1 ; 1 ; 1 ; 1 ; 1 ;
j3040_10.mm ; 15.126 ; 5 ; 0 ; 238 ; 85 ; 0 ; 13 ; 5 ; 1 ; 5 ; 1.000 ; 1 ; 0.5 ; 0.2 ; 0 ; 1 ; 1 ; 1 ; 1 ; 1 ;
j3041_1.mm ; 318.705 ; 3 ; 32 ; 219 ; 713 ; 740 ; 37 ; 1.04685 ; 0.348951 ; 2 ; 0.667 ; 1 ; 0.5 ; 0.2 ; 0 ; 1 ; 1 ; 1 ; 1 ; 1 ;
j3041_2.mm ; 307.663 ; 4 ; 15 ; 258 ; 441 ; 1577 ; 34 ; 1.70984 ; 0.42746 ; 2 ; 0.500 ; 1 ; 0.5 ; 0.2 ; 0 ; 1 ; 1 ; 1 ; 1 ; 1 ;
j3041_3.mm ; 284.680 ; 1 ; 24 ; 115 ; 103 ; 1053 ; 27 ; 0.507201 ; 0.507201 ; 1 ; 1.000 ; 1 ; 0.5 ; 0.2 ; 0 ; 1 ; 1 ; 1 ; 1 ; 1 ;
j3041_4.mm ; 76.791 ; 2 ; 12 ; 155 ; 296 ; 167 ; 8 ; 0.115079 ; 0.0575397 ; 1 ; 0.500 ; 1 ; 0.5 ; 0.2 ; 0 ; 1 ; 1 ; 1 ; 1 ; 1 ;
j3041_5.mm ; 1211.423 ; 1 ; 65 ; 309 ; 280 ; 884 ; 52 ; 0 ; 0 ; 0 ; 0.000 ; 1 ; 0.5 ; 0.2 ; 0 ; 1 ; 1 ; 1 ; 1 ; 1 ;
j3041_6.mm ; 573.581 ; 5 ; 5 ; 320 ; 1249 ; 1894 ; 53 ; 2.76214 ; 0.552428 ; 3 ; 0.600 ; 1 ; 0.5 ; 0.2 ; 0 ; 1 ; 1 ; 1 ; 1 ; 1 ;
j3041_7.mm ; 152.265 ; 9 ; 10 ; 384 ; 1531 ; 747 ; 14 ; 5.50628 ; 0.611809 ; 6 ; 0.667 ; 1 ; 0.5 ; 0.2 ; 0 ; 1 ; 1 ; 1 ; 1 ; 1 ;
j3041_8.mm ; 97.304 ; 6 ; 7 ; 270 ; 1307 ; 236 ; 13 ; 3.89392 ; 0.648986 ; 4 ; 0.667 ; 1 ; 0.5 ; 0.2 ; 0 ; 1 ; 1 ; 1 ; 1 ; 1 ;
j3041_9.mm ; 1224.060 ; 0 ; 97 ; 398 ; 255 ; 2592 ; 87 ; 0 ; 0 ; 0 ; -1.000 ; 1 ; 0.5 ; 0.2 ; 0 ; 1 ; 1 ; 1 ; 1 ; 1 ;
j3041_10.mm ; 253.445 ; 1 ; 13 ; 147 ; 115 ; 280 ; 22 ; 0.461538 ; 0.461538 ; 1 ; 1.000 ; 1 ; 0.5 ; 0.2 ; 0 ; 1 ; 1 ; 1 ; 1 ; 1 ;
j3042_1.mm ; 112.631 ; 0 ; 3 ; 64 ; 26 ; 197 ; 12 ; 0 ; 0 ; 0 ; -1.000 ; 1 ; 0.5 ; 0.2 ; 0 ; 1 ; 1 ; 1 ; 1 ; 1 ;
j3042_2.mm ; 23.094 ; 4 ; 0 ; 193 ; 340 ; 0 ; 9 ; 2.59835 ; 0.649587 ; 3 ; 0.750 ; 1 ; 0.5 ; 0.2 ; 0 ; 1 ; 1 ; 1 ; 1 ; 1 ;
j3042_3.mm ; 130.023 ; 0 ; 7 ; 94 ; 40 ; 489 ; 11 ; 0 ; 0 ; 0 ; -1.000 ; 1 ; 0.5 ; 0.2 ; 0 ; 1 ; 1 ; 1 ; 1 ; 1 ;
j3042_4.mm ; 226.837 ; 0 ; 0 ; 278 ; 216 ; 21 ; 22 ; 0 ; 0 ; 0 ; -1.000 ; 1 ; 0.5 ; 0.2 ; 0 ; 1 ; 1 ; 1 ; 1 ; 1 ;
j3042_5.mm ; 560.049 ; 1 ; 28 ; 252 ; 507 ; 290 ; 29 ; 0 ; 0 ; 0 ; 0.000 ; 1 ; 0.5 ; 0.2 ; 0 ; 1 ; 1 ; 1 ; 1 ; 1 ;
j3042_6.mm ; 58.383 ; 4 ; 16 ; 158 ; 251 ; 52 ; 14 ; 2.43411 ; 0.608527 ; 3 ; 0.750 ; 1 ; 0.5 ; 0.2 ; 0 ; 1 ; 1 ; 1 ; 1 ; 1 ;
j3042_7.mm ; 109.484 ; 4 ; 9 ; 239 ; 378 ; 212 ; 12 ; 2.51214 ; 0.628035 ; 3 ; 0.750 ; 1 ; 0.5 ; 0.2 ; 0 ; 1 ; 1 ; 1 ; 1 ; 1 ;
j3042_8.mm ; 14.010 ; 2 ; 0 ; 119 ; 159 ; 0 ; 5 ; 1.13464 ; 0.567319 ; 2 ; 1.000 ; 1 ; 0.5 ; 0.2 ; 0 ; 1 ; 1 ; 1 ; 1 ; 1 ;
j3042_9.mm ; 68.981 ; 0 ; 0 ; 108 ; 55 ; 16 ; 24 ; 0 ; 0 ; 0 ; -1.000 ; 1 ; 0.5 ; 0.2 ; 0 ; 1 ; 1 ; 1 ; 1 ; 1 ;
j3042_10.mm ; 27.359 ; 1 ; 2 ; 74 ; 76 ; 10 ; 8 ; 0.662835 ; 0.662835 ; 1 ; 1.000 ; 1 ; 0.5 ; 0.2 ; 0 ; 1 ; 1 ; 1 ; 1 ; 1 ;
j3043_1.mm ; 16.625 ; 1 ; 0 ; 147 ; 72 ; 1 ; 6 ; 0.8 ; 0.8 ; 1 ; 1.000 ; 1 ; 0.5 ; 0.2 ; 0 ; 1 ; 1 ; 1 ; 1 ; 1 ;
j3043_2.mm ; 1.654 ; 4 ; 0 ; 231 ; 444 ; 0 ; 9 ; 3.3125 ; 0.828125 ; 4 ; 1.000 ; 1 ; 0.5 ; 0.2 ; 0 ; 1 ; 1 ; 1 ; 1 ; 1 ;
j3043_3.mm ; 1.886 ; 6 ; 0 ; 281 ; 383 ; 0 ; 9 ; 5.04545 ; 0.840909 ; 6 ; 1.000 ; 1 ; 0.5 ; 0.2 ; 0 ; 1 ; 1 ; 1 ; 1 ; 1 ;
j3043_4.mm ; 23.922 ; 6 ; 2 ; 305 ; 717 ; 121 ; 9 ; 5.33333 ; 0.888889 ; 6 ; 1.000 ; 1 ; 0.5 ; 0.2 ; 0 ; 1 ; 1 ; 1 ; 1 ; 1 ;
j3043_5.mm ; 7.333 ; 0 ; 0 ; 95 ; 25 ; 0 ; 7 ; 0 ; 0 ; 0 ; -1.000 ; 1 ; 0.5 ; 0.2 ; 0 ; 1 ; 1 ; 1 ; 1 ; 1 ;
j3043_6.mm ; 14.344 ; 3 ; 0 ; 169 ; 307 ; 1 ; 7 ; 2.23962 ; 0.746541 ; 3 ; 1.000 ; 1 ; 0.5 ; 0.2 ; 0 ; 1 ; 1 ; 1 ; 1 ; 1 ;
j3043_7.mm ; 7.390 ; 4 ; 0 ; 154 ; 151 ; 39 ; 7 ; 4 ; 1 ; 4 ; 1.000 ; 1 ; 0.5 ; 0.2 ; 0 ; 1 ; 1 ; 1 ; 1 ; 1 ;
j3043_8.mm ; 6.520 ; 1 ; 0 ; 100 ; 106 ; 0 ; 8 ; 0.875 ; 0.875 ; 1 ; 1.000 ; 1 ; 0.5 ; 0.2 ; 0 ; 1 ; 1 ; 1 ; 1 ; 1 ;
j3043_9.mm ; 3.956 ; 3 ; 0 ; 145 ; 146 ; 11 ; 8 ; 2.83333 ; 0.944444 ; 3 ; 1.000 ; 1 ; 0.5 ; 0.2 ; 0 ; 1 ; 1 ; 1 ; 1 ; 1 ;
j3043_10.mm ; 39.398 ; 1 ; 3 ; 121 ; 66 ; 45 ; 10 ; 0.5 ; 0.5 ; 1 ; 1.000 ; 1 ; 0.5 ; 0.2 ; 0 ; 1 ; 1 ; 1 ; 1 ; 1 ;
j3044_1.mm ; 18.543 ; 0 ; 0 ; 83 ; 7 ; 0 ; 4 ; 0 ; 0 ; 0 ; -1.000 ; 1 ; 0.5 ; 0.2 ; 0 ; 1 ; 1 ; 1 ; 1 ; 1 ;
j3044_2.mm ; 6.559 ; 2 ; 0 ; 162 ; 145 ; 0 ; 11 ; 1.5 ; 0.75 ; 2 ; 1.000 ; 1 ; 0.5 ; 0.2 ; 0 ; 1 ; 1 ; 1 ; 1 ; 1 ;
j3044_3.mm ; 1.133 ; 4 ; 0 ; 153 ; 138 ; 0 ; 10 ; 3.23171 ; 0.807927 ; 4 ; 1.000 ; 1 ; 0.5 ; 0.2 ; 0 ; 1 ; 1 ; 1 ; 1 ; 1 ;
j3044_4.mm ; 1.319 ; 2 ; 0 ; 225 ; 125 ; 0 ; 4 ; 2 ; 1 ; 2 ; 1.000 ; 1 ; 0.5 ; 0.2 ; 0 ; 1 ; 1 ; 1 ; 1 ; 1 ;
j3044_5.mm ; 18.576 ; 3 ; 0 ; 283 ; 3230 ; 0 ; 22 ; 2.45019 ; 0.816731 ; 3 ; 1.000 ; 1 ; 0.5 ; 0.2 ; 0 ; 1 ; 1 ; 1 ; 1 ; 1 ;
j3044_6.mm ; 1.383 ; 4 ; 0 ; 231 ; 342 ; 0 ; 8 ; 3.02439 ; 0.756098 ; 4 ; 1.000 ; 1 ; 0.5 ; 0.2 ; 0 ; 1 ; 1 ; 1 ; 1 ; 1 ;
j3044_7.mm ; 1.105 ; 2 ; 0 ; 175 ; 235 ; 0 ; 12 ; 1.31429 ; 0.657143 ; 2 ; 1.000 ; 1 ; 0.5 ; 0.2 ; 0 ; 1 ; 1 ; 1 ; 1 ; 1 ;
j3044_8.mm ; 2.018 ; 0 ; 0 ; 104 ; 37 ; 0 ; 5 ; 0 ; 0 ; 0 ; -1.000 ; 1 ; 0.5 ; 0.2 ; 0 ; 1 ; 1 ; 1 ; 1 ; 1 ;
j3044_9.mm ; 4.526 ; 0 ; 0 ; 233 ; 175 ; 0 ; 17 ; 0 ; 0 ; 0 ; -1.000 ; 1 ; 0.5 ; 0.2 ; 0 ; 1 ; 1 ; 1 ; 1 ; 1 ;
j3044_10.mm ; 0.896 ; 1 ; 0 ; 129 ; 90 ; 0 ; 14 ; 0.846154 ; 0.846154 ; 1 ; 1.000 ; 1 ; 0.5 ; 0.2 ; 0 ; 1 ; 1 ; 1 ; 1 ; 1 ;
j3045_1.mm ; 21.939 ; 14 ; 0 ; 671 ; 1694 ; 27 ; 10 ; 7.81372 ; 0.558123 ; 8 ; 0.571 ; 1 ; 0.5 ; 0.2 ; 0 ; 1 ; 1 ; 1 ; 1 ; 1 ;
j3045_2.mm ; 282.949 ; 19 ; 7 ; 757 ; 3276 ; 2254 ; 39 ; 10.1204 ; 0.532654 ; 11 ; 0.579 ; 1 ; 0.5 ; 0.2 ; 0 ; 1 ; 1 ; 1 ; 1 ; 1 ;
j3045_3.mm ; 255.914 ; 16 ; 13 ; 690 ; 3405 ; 1833 ; 34 ; 8.62471 ; 0.539045 ; 9 ; 0.563 ; 1 ; 0.5 ; 0.2 ; 0 ; 1 ; 1 ; 1 ; 1 ; 1 ;
j3045_4.mm ; 1042.014 ; 16 ; 9 ; 924 ; 4521 ; 2640 ; 100 ; 5.8583 ; 0.366144 ; 6 ; 0.375 ; 1 ; 0.5 ; 0.2 ; 0 ; 1 ; 1 ; 1 ; 1 ; 1 ;
j3045_5.mm ; 79.004 ; 14 ; 8 ; 641 ; 3259 ; 77 ; 19 ; 7.95561 ; 0.568258 ; 8 ; 0.571 ; 1 ; 0.5 ; 0.2 ; 0 ; 1 ; 1 ; 1 ; 1 ; 1 ;
j3045_6.mm ; 78.772 ; 18 ; 4 ; 966 ; 1687 ; 171 ; 18 ; 8.33186 ; 0.462881 ; 9 ; 0.500 ; 1 ; 0.5 ; 0.2 ; 0 ; 1 ; 1 ; 1 ; 1 ; 1 ;
j3045_7.mm ; 53.685 ; 9 ; 0 ; 496 ; 2142 ; 55 ; 13 ; 4.29604 ; 0.477338 ; 5 ; 0.556 ; 1 ; 0.5 ; 0.2 ; 0 ; 1 ; 1 ; 1 ; 1 ; 1 ;
j3045_8.mm ; 79.055 ; 23 ; 2 ; 983 ; 1797 ; 59 ; 11 ; 10.8201 ; 0.470439 ; 11 ; 0.478 ; 1 ; 0.5 ; 0.2 ; 0 ; 1 ; 1 ; 1 ; 1 ; 1 ;
j3045_9.mm ; 215.740 ; 16 ; 4 ; 666 ; 2178 ; 90 ; 33 ; 9.09301 ; 0.568313 ; 10 ; 0.625 ; 1 ; 0.5 ; 0.2 ; 0 ; 1 ; 1 ; 1 ; 1 ; 1 ;
j3045_10.mm ; 287.996 ; 19 ; 2 ; 741 ; 1227 ; 467 ; 33 ; 9.82687 ; 0.517204 ; 10 ; 0.526 ; 1 ; 0.5 ; 0.2 ; 0 ; 1 ; 1 ; 1 ; 1 ; 1 ;
j3046_1.mm ; 159.320 ; 4 ; 4 ; 221 ; 594 ; 151 ; 21 ; 2.22484 ; 0.556211 ; 3 ; 0.750 ; 1 ; 0.5 ; 0.2 ; 0 ; 1 ; 1 ; 1 ; 1 ; 1 ;
j3046_2.mm ; 62.590 ; 0 ; 1 ; 133 ; 58 ; 2 ; 7 ; 0 ; 0 ; 0 ; -1.000 ; 1 ; 0.5 ; 0.2 ; 0 ; 1 ; 1 ; 1 ; 1 ; 1 ;
j3046_3.mm ; 450.705 ; 4 ; 4 ; 190 ; 145 ; 1949 ; 67 ; 1.70294 ; 0.425736 ; 2 ; 0.500 ; 1 ; 0.5 ; 0.2 ; 0 ; 1 ; 1 ; 1 ; 1 ; 1 ;
j3046_4.mm ; 21.683 ; 7 ; 1 ; 311 ; 1003 ; 1 ; 10 ; 4.06258 ; 0.580369 ; 5 ; 0.714 ; 1 ; 0.5 ; 0.2 ; 0 ; 1 ; 1 ; 1 ; 1 ; 1 ;
j3046_5.mm ; 24.280 ; 1 ; 0 ; 149 ; 108 ; 9 ; 8 ; 0.151133 ; 0.151133 ; 1 ; 1.000 ; 1 ; 0.5 ; 0.2 ; 0 ; 1 ; 1 ; 1 ; 1 ; 1 ;
j3046_6.mm ; 88.437 ; 2 ; 1 ; 197 ; 172 ; 10 ; 17 ; 0 ; 0 ; 0 ; 0.000 ; 1 ; 0.5 ; 0.2 ; 0 ; 1 ; 1 ; 1 ; 1 ; 1 ;
j3046_7.mm ; 196.418 ; 2 ; 5 ; 229 ; 355 ; 169 ; 22 ; 0 ; 0 ; 0 ; 0.000 ; 1 ; 0.5 ; 0.2 ; 0 ; 1 ; 1 ; 1 ; 1 ; 1 ;
j3046_8.mm ; 100.844 ; 6 ; 0 ; 379 ; 614 ; 138 ; 14 ; 2.86396 ; 0.477327 ; 3 ; 0.500 ; 1 ; 0.5 ; 0.2 ; 0 ; 1 ; 1 ; 1 ; 1 ; 1 ;
j3046_9.mm ; 16.475 ; 6 ; 0 ; 202 ; 432 ; 62 ; 6 ; 2.19878 ; 0.366463 ; 3 ; 0.500 ; 1 ; 0.5 ; 0.2 ; 0 ; 1 ; 1 ; 1 ; 1 ; 1 ;
j3046_10.mm ; 8.904 ; 3 ; 2 ; 203 ; 309 ; 99 ; 7 ; 1.56364 ; 0.521212 ; 2 ; 0.667 ; 1 ; 0.5 ; 0.2 ; 0 ; 1 ; 1 ; 1 ; 1 ; 1 ;
j3047_1.mm ; 5.033 ; 0 ; 0 ; 158 ; 94 ; 0 ; 19 ; 0 ; 0 ; 0 ; -1.000 ; 1 ; 0.5 ; 0.2 ; 0 ; 1 ; 1 ; 1 ; 1 ; 1 ;
j3047_2.mm ; 96.626 ; 0 ; 0 ; 177 ; 151 ; 2 ; 22 ; 0 ; 0 ; 0 ; -1.000 ; 1 ; 0.5 ; 0.2 ; 0 ; 1 ; 1 ; 1 ; 1 ; 1 ;
j3047_3.mm ; 2.887 ; 4 ; 0 ; 222 ; 325 ; 9 ; 6 ; 2.42527 ; 0.606317 ; 3 ; 0.750 ; 1 ; 0.5 ; 0.2 ; 0 ; 1 ; 1 ; 1 ; 1 ; 1 ;
j3047_4.mm ; 15.031 ; 2 ; 0 ; 216 ; 319 ; 0 ; 5 ; 0.577926 ; 0.288963 ; 1 ; 0.500 ; 1 ; 0.5 ; 0.2 ; 0 ; 1 ; 1 ; 1 ; 1 ; 1 ;
j3047_5.mm ; 3.987 ; 5 ; 0 ; 179 ; 224 ; 3 ; 7 ; 3.75658 ; 0.751317 ; 4 ; 0.800 ; 1 ; 0.5 ; 0.2 ; 0 ; 1 ; 1 ; 1 ; 1 ; 1 ;
j3047_6.mm ; 42.523 ; 4 ; 0 ; 173 ; 321 ; 16 ; 10 ; 2.39603 ; 0.599007 ; 3 ; 0.750 ; 1 ; 0.5 ; 0.2 ; 0 ; 1 ; 1 ; 1 ; 1 ; 1 ;
j3047_7.mm ; 0.692 ; 1 ; 3 ; 75 ; 67 ; 0 ; 7 ; 0.0279592 ; 0.0279592 ; 1 ; 1.000 ; 1 ; 0.5 ; 0.2 ; 0 ; 1 ; 1 ; 1 ; 1 ; 1 ;
j3047_8.mm ; 15.685 ; 2 ; 0 ; 126 ; 183 ; 0 ; 8 ; 0 ; 0 ; 0 ; 0.000 ; 1 ; 0.5 ; 0.2 ; 0 ; 1 ; 1 ; 1 ; 1 ; 1 ;
j3047_9.mm ; 39.048 ; 0 ; 0 ; 108 ; 39 ; 2 ; 9 ; 0 ; 0 ; 0 ; -1.000 ; 1 ; 0.5 ; 0.2 ; 0 ; 1 ; 1 ; 1 ; 1 ; 1 ;
j3047_10.mm ; 51.521 ; 0 ; 0 ; 100 ; 51 ; 18 ; 9 ; 0 ; 0 ; 0 ; -1.000 ; 1 ; 0.5 ; 0.2 ; 0 ; 1 ; 1 ; 1 ; 1 ; 1 ;
j3048_1.mm ; 27.408 ; 1 ; 0 ; 173 ; 114 ; 0 ; 17 ; 0 ; 0 ; 0 ; 0.000 ; 1 ; 0.5 ; 0.2 ; 0 ; 1 ; 1 ; 1 ; 1 ; 1 ;
j3048_2.mm ; 1.493 ; 3 ; 0 ; 261 ; 474 ; 0 ; 7 ; 1.6 ; 0.533333 ; 2 ; 0.667 ; 1 ; 0.5 ; 0.2 ; 0 ; 1 ; 1 ; 1 ; 1 ; 1 ;
j3048_3.mm ; 1.347 ; 3 ; 0 ; 231 ; 288 ; 0 ; 6 ; 0.917197 ; 0.305732 ; 1 ; 0.333 ; 1 ; 0.5 ; 0.2 ; 0 ; 1 ; 1 ; 1 ; 1 ; 1 ;
j3048_4.mm ; 1.201 ; 4 ; 0 ; 180 ; 268 ; 0 ; 8 ; 2.55095 ; 0.637739 ; 3 ; 0.750 ; 1 ; 0.5 ; 0.2 ; 0 ; 1 ; 1 ; 1 ; 1 ; 1 ;
j3048_5.mm ; 11.836 ; 1 ; 0 ; 148 ; 42 ; 0 ; 7 ; 0.4 ; 0.4 ; 1 ; 1.000 ; 1 ; 0.5 ; 0.2 ; 0 ; 1 ; 1 ; 1 ; 1 ; 1 ;
j3048_6.mm ; 27.907 ; 0 ; 0 ; 121 ; 54 ; 5 ; 9 ; 0 ; 0 ; 0 ; -1.000 ; 1 ; 0.5 ; 0.2 ; 0 ; 1 ; 1 ; 1 ; 1 ; 1 ;
j3048_7.mm ; 15.810 ; 4 ; 0 ; 182 ; 405 ; 0 ; 12 ; 3.14286 ; 0.785714 ; 4 ; 1.000 ; 1 ; 0.5 ; 0.2 ; 0 ; 1 ; 1 ; 1 ; 1 ; 1 ;
j3048_8.mm ; 2.500 ; 6 ; 0 ; 260 ; 415 ; 0 ; 12 ; 5.07692 ; 0.846154 ; 6 ; 1.000 ; 1 ; 0.5 ; 0.2 ; 0 ; 1 ; 1 ; 1 ; 1 ; 1 ;
j3048_9.mm ; 2.637 ; 0 ; 0 ; 91 ; 68 ; 0 ; 4 ; 0 ; 0 ; 0 ; -1.000 ; 1 ; 0.5 ; 0.2 ; 0 ; 1 ; 1 ; 1 ; 1 ; 1 ;
j3048_10.mm ; 0.728 ; 1 ; 0 ; 117 ; 172 ; 0 ; 10 ; 0.0882353 ; 0.0882353 ; 1 ; 1.000 ; 1 ; 0.5 ; 0.2 ; 0 ; 1 ; 1 ; 1 ; 1 ; 1 ;
j3049_1.mm ; 1141.094 ; 1 ; 77 ; 190 ; 319 ; 1377 ; 49 ; 0.230769 ; 0.230769 ; 1 ; 1.000 ; 1 ; 0.5 ; 0.2 ; 0 ; 1 ; 1 ; 1 ; 1 ; 1 ;
j3049_2.mm ; 1247.665 ; 6 ; 92 ; 386 ; 1745 ; 2633 ; 82 ; 3.70487 ; 0.617478 ; 4 ; 0.667 ; 1 ; 0.5 ; 0.2 ; 0 ; 1 ; 1 ; 1 ; 1 ; 1 ;
j3049_3.mm ; 447.437 ; 0 ; 59 ; 264 ; 210 ; 1342 ; 24 ; 0 ; 0 ; 0 ; -1.000 ; 1 ; 0.5 ; 0.2 ; 0 ; 1 ; 1 ; 1 ; 1 ; 1 ;
j3049_4.mm ; 1118.055 ; 0 ; 82 ; 387 ; 1082 ; 2609 ; 54 ; 0 ; 0 ; 0 ; -1.000 ; 1 ; 0.5 ; 0.2 ; 0 ; 1 ; 1 ; 1 ; 1 ; 1 ;
j3049_5.mm ; 1138.676 ; 0 ; 88 ; 268 ; 181 ; 3317 ; 70 ; 0 ; 0 ; 0 ; -1.000 ; 1 ; 0.5 ; 0.2 ; 0 ; 1 ; 1 ; 1 ; 1 ; 1 ;
j3049_6.mm ; 73.035 ; 5 ; 12 ; 189 ; 462 ; 165 ; 7 ; 1.18952 ; 0.237903 ; 2 ; 0.400 ; 1 ; 0.5 ; 0.2 ; 0 ; 1 ; 1 ; 1 ; 1 ; 1 ;
j3049_7.mm ; 396.915 ; 0 ; 27 ; 284 ; 88 ; 953 ; 21 ; 0 ; 0 ; 0 ; -1.000 ; 1 ; 0.5 ; 0.2 ; 0 ; 1 ; 1 ; 1 ; 1 ; 1 ;
j3049_8.mm ; 220.960 ; 3 ; 34 ; 235 ; 443 ; 527 ; 24 ; 0.5 ; 0.166667 ; 1 ; 0.333 ; 1 ; 0.5 ; 0.2 ; 0 ; 1 ; 1 ; 1 ; 1 ; 1 ;
j3049_9.mm ; 1357.367 ; 0 ; 70 ; 414 ; 591 ; 2926 ; 81 ; 0 ; 0 ; 0 ; -1.000 ; 1 ; 0.5 ; 0.2 ; 0 ; 1 ; 1 ; 1 ; 1 ; 1 ;
j3049_10.mm ; 146.844 ; 5 ; 19 ; 297 ; 480 ; 1829 ; 42 ; 0.842676 ; 0.168535 ; 1 ; 0.200 ; 1 ; 0.5 ; 0.2 ; 0 ; 1 ; 1 ; 1 ; 1 ; 1 ;
j3050_1.mm ; 94.341 ; 0 ; 4 ; 154 ; 101 ; 207 ; 20 ; 0 ; 0 ; 0 ; -1.000 ; 1 ; 0.5 ; 0.2 ; 0 ; 1 ; 1 ; 1 ; 1 ; 1 ;
j3050_2.mm ; 19.394 ; 0 ; 0 ; 127 ; 18 ; 34 ; 7 ; 0 ; 0 ; 0 ; -1.000 ; 1 ; 0.5 ; 0.2 ; 0 ; 1 ; 1 ; 1 ; 1 ; 1 ;
j3050_3.mm ; 0.630 ; 0 ; 0 ; 105 ; 9 ; 0 ; 4 ; 0 ; 0 ; 0 ; -1.000 ; 1 ; 0.5 ; 0.2 ; 0 ; 1 ; 1 ; 1 ; 1 ; 1 ;
j3050_4.mm ; 78.982 ; 0 ; 0 ; 57 ; 29 ; 79 ; 15 ; 0 ; 0 ; 0 ; -1.000 ; 1 ; 0.5 ; 0.2 ; 0 ; 1 ; 1 ; 1 ; 1 ; 1 ;
j3050_5.mm ; 14.261 ; 0 ; 0 ; 124 ; 3 ; 22 ; 3 ; 0 ; 0 ; 0 ; -1.000 ; 1 ; 0.5 ; 0.2 ; 0 ; 1 ; 1 ; 1 ; 1 ; 1 ;
j3050_6.mm ; 409.078 ; 0 ; 6 ; 281 ; 101 ; 1091 ; 33 ; 0 ; 0 ; 0 ; -1.000 ; 1 ; 0.5 ; 0.2 ; 0 ; 1 ; 1 ; 1 ; 1 ; 1 ;
j3050_7.mm ; 125.623 ; 0 ; 12 ; 126 ; 170 ; 131 ; 35 ; 0 ; 0 ; 0 ; -1.000 ; 1 ; 0.5 ; 0.2 ; 0 ; 1 ; 1 ; 1 ; 1 ; 1 ;
j3050_8.mm ; 47.537 ; 1 ; 5 ; 78 ; 66 ; 169 ; 9 ; 0 ; 0 ; 0 ; 0.000 ; 1 ; 0.5 ; 0.2 ; 0 ; 1 ; 1 ; 1 ; 1 ; 1 ;
j3050_9.mm ; 80.575 ; 0 ; 3 ; 119 ; 72 ; 202 ; 39 ; 0 ; 0 ; 0 ; -1.000 ; 1 ; 0.5 ; 0.2 ; 0 ; 1 ; 1 ; 1 ; 1 ; 1 ;
j3050_10.mm ; 9.986 ; 0 ; 0 ; 50 ; 11 ; 5 ; 5 ; 0 ; 0 ; 0 ; -1.000 ; 1 ; 0.5 ; 0.2 ; 0 ; 1 ; 1 ; 1 ; 1 ; 1 ;
j3051_1.mm ; 5.892 ; 0 ; 0 ; 203 ; 85 ; 0 ; 6 ; 0 ; 0 ; 0 ; -1.000 ; 1 ; 0.5 ; 0.2 ; 0 ; 1 ; 1 ; 1 ; 1 ; 1 ;
j3051_2.mm ; 0.484 ; 1 ; 0 ; 79 ; 72 ; 0 ; 6 ; 0 ; 0 ; 0 ; 0.000 ; 1 ; 0.5 ; 0.2 ; 0 ; 1 ; 1 ; 1 ; 1 ; 1 ;
j3051_3.mm ; 6.557 ; 0 ; 0 ; 50 ; 9 ; 2 ; 5 ; 0 ; 0 ; 0 ; -1.000 ; 1 ; 0.5 ; 0.2 ; 0 ; 1 ; 1 ; 1 ; 1 ; 1 ;
j3051_4.mm ; 2.552 ; 0 ; 0 ; 22 ; 2 ; 0 ; 3 ; 0 ; 0 ; 0 ; -1.000 ; 1 ; 0.5 ; 0.2 ; 0 ; 1 ; 1 ; 1 ; 1 ; 1 ;
j3051_5.mm ; 0.722 ; 0 ; 0 ; 90 ; 23 ; 0 ; 8 ; 0 ; 0 ; 0 ; -1.000 ; 1 ; 0.5 ; 0.2 ; 0 ; 1 ; 1 ; 1 ; 1 ; 1 ;
j3051_6.mm ; 0.888 ; 0 ; 0 ; 129 ; 14 ; 0 ; 4 ; 0 ; 0 ; 0 ; -1.000 ; 1 ; 0.5 ; 0.2 ; 0 ; 1 ; 1 ; 1 ; 1 ; 1 ;
j3051_7.mm ; 1.093 ; 0 ; 0 ; 64 ; 10 ; 0 ; 5 ; 0 ; 0 ; 0 ; -1.000 ; 1 ; 0.5 ; 0.2 ; 0 ; 1 ; 1 ; 1 ; 1 ; 1 ;
j3051_8.mm ; 7.684 ; 0 ; 0 ; 82 ; 35 ; 3 ; 6 ; 0 ; 0 ; 0 ; -1.000 ; 1 ; 0.5 ; 0.2 ; 0 ; 1 ; 1 ; 1 ; 1 ; 1 ;
j3051_9.mm ; 21.485 ; 0 ; 0 ; 62 ; 6 ; 109 ; 5 ; 0 ; 0 ; 0 ; -1.000 ; 1 ; 0.5 ; 0.2 ; 0 ; 1 ; 1 ; 1 ; 1 ; 1 ;
j3051_10.mm ; 0.367 ; 0 ; 0 ; 45 ; 4 ; 0 ; 3 ; 0 ; 0 ; 0 ; -1.000 ; 1 ; 0.5 ; 0.2 ; 0 ; 1 ; 1 ; 1 ; 1 ; 1 ;
j3052_1.mm ; 0.392 ; 0 ; 0 ; 10 ; 0 ; 0 ; 2 ; 0 ; 0 ; 0 ; -1.000 ; 1 ; 0.5 ; 0.2 ; 0 ; 1 ; 1 ; 1 ; 1 ; 1 ;
j3052_2.mm ; 0.485 ; 0 ; 0 ; 51 ; 18 ; 0 ; 8 ; 0 ; 0 ; 0 ; -1.000 ; 1 ; 0.5 ; 0.2 ; 0 ; 1 ; 1 ; 1 ; 1 ; 1 ;
j3052_3.mm ; 0.273 ; 0 ; 0 ; 3 ; 0 ; 0 ; 2 ; 0 ; 0 ; 0 ; -1.000 ; 1 ; 0.5 ; 0.2 ; 0 ; 1 ; 1 ; 1 ; 1 ; 1 ;
j3052_4.mm ; 0.329 ; 0 ; 0 ; 31 ; 10 ; 0 ; 3 ; 0 ; 0 ; 0 ; -1.000 ; 1 ; 0.5 ; 0.2 ; 0 ; 1 ; 1 ; 1 ; 1 ; 1 ;
j3052_5.mm ; 1.534 ; 0 ; 0 ; 58 ; 4 ; 0 ; 4 ; 0 ; 0 ; 0 ; -1.000 ; 1 ; 0.5 ; 0.2 ; 0 ; 1 ; 1 ; 1 ; 1 ; 1 ;
j3052_6.mm ; 0.302 ; 0 ; 0 ; 12 ; 2 ; 0 ; 2 ; 0 ; 0 ; 0 ; -1.000 ; 1 ; 0.5 ; 0.2 ; 0 ; 1 ; 1 ; 1 ; 1 ; 1 ;
j3052_7.mm ; 1.951 ; 0 ; 0 ; 48 ; 3 ; 0 ; 3 ; 0 ; 0 ; 0 ; -1.000 ; 1 ; 0.5 ; 0.2 ; 0 ; 1 ; 1 ; 1 ; 1 ; 1 ;
j3052_8.mm ; 0.553 ; 0 ; 0 ; 27 ; 1 ; 0 ; 3 ; 0 ; 0 ; 0 ; -1.000 ; 1 ; 0.5 ; 0.2 ; 0 ; 1 ; 1 ; 1 ; 1 ; 1 ;
j3052_9.mm ; 0.407 ; 0 ; 0 ; 10 ; 5 ; 0 ; 4 ; 0 ; 0 ; 0 ; -1.000 ; 1 ; 0.5 ; 0.2 ; 0 ; 1 ; 1 ; 1 ; 1 ; 1 ;
j3052_10.mm ; 0.328 ; 0 ; 0 ; 11 ; 1 ; 0 ; 2 ; 0 ; 0 ; 0 ; -1.000 ; 1 ; 0.5 ; 0.2 ; 0 ; 1 ; 1 ; 1 ; 1 ; 1 ;
j3053_1.mm ; 184.949 ; 10 ; 11 ; 501 ; 1436 ; 656 ; 56 ; 3.85741 ; 0.385741 ; 4 ; 0.400 ; 1 ; 0.5 ; 0.2 ; 0 ; 1 ; 1 ; 1 ; 1 ; 1 ;
j3053_2.mm ; 106.476 ; 5 ; 5 ; 258 ; 445 ; 349 ; 33 ; 1.22199 ; 0.244397 ; 2 ; 0.400 ; 1 ; 0.5 ; 0.2 ; 0 ; 1 ; 1 ; 1 ; 1 ; 1 ;
j3053_3.mm ; 909.297 ; 4 ; 1067323755 ; 1067165627 ; 1075841623 ; 1074612188 ; 221 ; 0.768055 ; 0.192014 ; 1 ; 0.250 ; 1 ; 0.5 ; 0.2 ; 0 ; 1 ; 1 ; 1 ; 1 ; 1 ;
j3053_4.mm ; 458.573 ; 15 ; 8 ; 851 ; 2082 ; 1382 ; 47 ; 5.60477 ; 0.373651 ; 6 ; 0.400 ; 1 ; 0.5 ; 0.2 ; 0 ; 1 ; 1 ; 1 ; 1 ; 1 ;
j3053_5.mm ; 106.887 ; 17 ; 12 ; 827 ; 3397 ; 1007 ; 24 ; 5.96571 ; 0.350924 ; 6 ; 0.353 ; 1 ; 0.5 ; 0.2 ; 0 ; 1 ; 1 ; 1 ; 1 ; 1 ;
j3053_6.mm ; 233.008 ; 11 ; 8 ; 634 ; 1954 ; 3016 ; 43 ; 3.46264 ; 0.314786 ; 4 ; 0.364 ; 1 ; 0.5 ; 0.2 ; 0 ; 1 ; 1 ; 1 ; 1 ; 1 ;
j3053_7.mm ; 61.675 ; 12 ; 5 ; 584 ; 1231 ; 320 ; 14 ; 5.76512 ; 0.480427 ; 6 ; 0.500 ; 1 ; 0.5 ; 0.2 ; 0 ; 1 ; 1 ; 1 ; 1 ; 1 ;
j3053_8.mm ; 125.984 ; 13 ; 9 ; 649 ; 1317 ; 424 ; 37 ; 4.82865 ; 0.371435 ; 5 ; 0.385 ; 1 ; 0.5 ; 0.2 ; 0 ; 1 ; 1 ; 1 ; 1 ; 1 ;
j3053_9.mm ; 590.423 ; 13 ; 5 ; 665 ; 1937 ; 1492 ; 88 ; 4.28446 ; 0.329574 ; 5 ; 0.385 ; 1 ; 0.5 ; 0.2 ; 0 ; 1 ; 1 ; 1 ; 1 ; 1 ;
j3053_10.mm ; 480.309 ; 5 ; 6 ; 238 ; 730 ; 6045 ; 116 ; 1.3268 ; 0.265359 ; 2 ; 0.400 ; 1 ; 0.5 ; 0.2 ; 0 ; 1 ; 1 ; 1 ; 1 ; 1 ;
j3054_1.mm ; 170.275 ; 0 ; 0 ; 137 ; 91 ; 47 ; 23 ; 0 ; 0 ; 0 ; -1.000 ; 1 ; 0.5 ; 0.2 ; 0 ; 1 ; 1 ; 1 ; 1 ; 1 ;
j3054_2.mm ; 81.995 ; 2 ; 0 ; 103 ; 93 ; 105 ; 31 ; 0.097623 ; 0.0488115 ; 1 ; 0.500 ; 1 ; 0.5 ; 0.2 ; 0 ; 1 ; 1 ; 1 ; 1 ; 1 ;
j3054_3.mm ; 118.174 ; 2 ; 2 ; 97 ; 125 ; 256 ; 48 ; 0.695647 ; 0.347823 ; 1 ; 0.500 ; 1 ; 0.5 ; 0.2 ; 0 ; 1 ; 1 ; 1 ; 1 ; 1 ;
j3054_4.mm ; 30.292 ; 1 ; 3 ; 57 ; 44 ; 137 ; 6 ; 0 ; 0 ; 0 ; 0.000 ; 1 ; 0.5 ; 0.2 ; 0 ; 1 ; 1 ; 1 ; 1 ; 1 ;
j3054_5.mm ; 319.857 ; 0 ; 1 ; 226 ; 234 ; 256 ; 40 ; 0 ; 0 ; 0 ; -1.000 ; 1 ; 0.5 ; 0.2 ; 0 ; 1 ; 1 ; 1 ; 1 ; 1 ;
j3054_6.mm ; 181.161 ; 0 ; 0 ; 121 ; 51 ; 296 ; 15 ; 0 ; 0 ; 0 ; -1.000 ; 1 ; 0.5 ; 0.2 ; 0 ; 1 ; 1 ; 1 ; 1 ; 1 ;
j3054_7.mm ; 22.308 ; 0 ; 0 ; 157 ; 102 ; 43 ; 4 ; 0 ; 0 ; 0 ; -1.000 ; 1 ; 0.5 ; 0.2 ; 0 ; 1 ; 1 ; 1 ; 1 ; 1 ;
j3054_8.mm ; 52.933 ; 0 ; 0 ; 136 ; 57 ; 16 ; 13 ; 0 ; 0 ; 0 ; -1.000 ; 1 ; 0.5 ; 0.2 ; 0 ; 1 ; 1 ; 1 ; 1 ; 1 ;
j3054_9.mm ; 99.074 ; 0 ; 0 ; 100 ; 53 ; 61 ; 17 ; 0 ; 0 ; 0 ; -1.000 ; 1 ; 0.5 ; 0.2 ; 0 ; 1 ; 1 ; 1 ; 1 ; 1 ;
j3054_10.mm ; 307.675 ; 5 ; 0 ; 239 ; 812 ; 178 ; 52 ; 1.63347 ; 0.326693 ; 2 ; 0.400 ; 1 ; 0.5 ; 0.2 ; 0 ; 1 ; 1 ; 1 ; 1 ; 1 ;
j3055_1.mm ; 6.954 ; 0 ; 0 ; 108 ; 27 ; 14 ; 7 ; 0 ; 0 ; 0 ; -1.000 ; 1 ; 0.5 ; 0.2 ; 0 ; 1 ; 1 ; 1 ; 1 ; 1 ;
j3055_2.mm ; 34.561 ; 0 ; 0 ; 88 ; 37 ; 44 ; 9 ; 0 ; 0 ; 0 ; -1.000 ; 1 ; 0.5 ; 0.2 ; 0 ; 1 ; 1 ; 1 ; 1 ; 1 ;
j3055_3.mm ; 43.557 ; 0 ; 0 ; 100 ; 44 ; 82 ; 11 ; 0 ; 0 ; 0 ; -1.000 ; 1 ; 0.5 ; 0.2 ; 0 ; 1 ; 1 ; 1 ; 1 ; 1 ;
j3055_4.mm ; 1.406 ; 0 ; 0 ; 72 ; 5 ; 0 ; 6 ; 0 ; 0 ; 0 ; -1.000 ; 1 ; 0.5 ; 0.2 ; 0 ; 1 ; 1 ; 1 ; 1 ; 1 ;
j3055_5.mm ; 0.468 ; 0 ; 0 ; 34 ; 13 ; 0 ; 6 ; 0 ; 0 ; 0 ; -1.000 ; 1 ; 0.5 ; 0.2 ; 0 ; 1 ; 1 ; 1 ; 1 ; 1 ;
j3055_6.mm ; 6.032 ; 0 ; 0 ; 45 ; 12 ; 1 ; 7 ; 0 ; 0 ; 0 ; -1.000 ; 1 ; 0.5 ; 0.2 ; 0 ; 1 ; 1 ; 1 ; 1 ; 1 ;
j3055_7.mm ; 34.855 ; 0 ; 0 ; 253 ; 34 ; 2 ; 16 ; 0 ; 0 ; 0 ; -1.000 ; 1 ; 0.5 ; 0.2 ; 0 ; 1 ; 1 ; 1 ; 1 ; 1 ;
j3055_8.mm ; 1.585 ; 0 ; 0 ; 99 ; 10 ; 0 ; 5 ; 0 ; 0 ; 0 ; -1.000 ; 1 ; 0.5 ; 0.2 ; 0 ; 1 ; 1 ; 1 ; 1 ; 1 ;
j3055_9.mm ; 49.214 ; 0 ; 0 ; 77 ; 33 ; 35 ; 12 ; 0 ; 0 ; 0 ; -1.000 ; 1 ; 0.5 ; 0.2 ; 0 ; 1 ; 1 ; 1 ; 1 ; 1 ;
j3055_10.mm ; 59.134 ; 1 ; 1 ; 111 ; 86 ; 34 ; 14 ; 0 ; 0 ; 0 ; 0.000 ; 1 ; 0.5 ; 0.2 ; 0 ; 1 ; 1 ; 1 ; 1 ; 1 ;
j3056_1.mm ; 0.291 ; 0 ; 0 ; 23 ; 3 ; 0 ; 2 ; 0 ; 0 ; 0 ; -1.000 ; 1 ; 0.5 ; 0.2 ; 0 ; 1 ; 1 ; 1 ; 1 ; 1 ;
j3056_2.mm ; 4.854 ; 0 ; 0 ; 87 ; 98 ; 0 ; 14 ; 0 ; 0 ; 0 ; -1.000 ; 1 ; 0.5 ; 0.2 ; 0 ; 1 ; 1 ; 1 ; 1 ; 1 ;
j3056_3.mm ; 0.456 ; 0 ; 0 ; 34 ; 2 ; 0 ; 2 ; 0 ; 0 ; 0 ; -1.000 ; 1 ; 0.5 ; 0.2 ; 0 ; 1 ; 1 ; 1 ; 1 ; 1 ;
j3056_4.mm ; 0.964 ; 0 ; 0 ; 85 ; 13 ; 0 ; 6 ; 0 ; 0 ; 0 ; -1.000 ; 1 ; 0.5 ; 0.2 ; 0 ; 1 ; 1 ; 1 ; 1 ; 1 ;
j3056_5.mm ; 0.399 ; 0 ; 0 ; 40 ; 10 ; 0 ; 3 ; 0 ; 0 ; 0 ; -1.000 ; 1 ; 0.5 ; 0.2 ; 0 ; 1 ; 1 ; 1 ; 1 ; 1 ;
j3056_6.mm ; 2.506 ; 0 ; 0 ; 155 ; 49 ; 0 ; 11 ; 0 ; 0 ; 0 ; -1.000 ; 1 ; 0.5 ; 0.2 ; 0 ; 1 ; 1 ; 1 ; 1 ; 1 ;
j3056_7.mm ; 0.592 ; 0 ; 0 ; 55 ; 11 ; 0 ; 5 ; 0 ; 0 ; 0 ; -1.000 ; 1 ; 0.5 ; 0.2 ; 0 ; 1 ; 1 ; 1 ; 1 ; 1 ;
j3056_8.mm ; 0.572 ; 0 ; 0 ; 12 ; 0 ; 0 ; 3 ; 0 ; 0 ; 0 ; -1.000 ; 1 ; 0.5 ; 0.2 ; 0 ; 1 ; 1 ; 1 ; 1 ; 1 ;
j3056_9.mm ; 0.417 ; 0 ; 0 ; 24 ; 2 ; 0 ; 4 ; 0 ; 0 ; 0 ; -1.000 ; 1 ; 0.5 ; 0.2 ; 0 ; 1 ; 1 ; 1 ; 1 ; 1 ;
j3056_10.mm ; 0.469 ; 0 ; 0 ; 10 ; 1 ; 0 ; 2 ; 0 ; 0 ; 0 ; -1.000 ; 1 ; 0.5 ; 0.2 ; 0 ; 1 ; 1 ; 1 ; 1 ; 1 ;
j3057_1.mm ; 1106.478 ; 0 ; 122 ; 440 ; 1847 ; 6394 ; 128 ; 0 ; 0 ; 0 ; -1.000 ; 1 ; 0.5 ; 0.2 ; 0 ; 1 ; 1 ; 1 ; 1 ; 1 ;
j3057_2.mm ; 71.181 ; 6 ; 27 ; 195 ; 686 ; 1750 ; 21 ; 1.87701 ; 0.312835 ; 2 ; 0.333 ; 1 ; 0.5 ; 0.2 ; 0 ; 1 ; 1 ; 1 ; 1 ; 1 ;
j3057_3.mm ; 706.038 ; 0 ; 15 ; 111 ; 56 ; 3781 ; 85 ; 0 ; 0 ; 0 ; -1.000 ; 1 ; 0.5 ; 0.2 ; 0 ; 1 ; 1 ; 1 ; 1 ; 1 ;
j3057_4.mm ; 211.902 ; 1 ; 17 ; 106 ; 43 ; 1230 ; 34 ; 0 ; 0 ; 0 ; 0.000 ; 1 ; 0.5 ; 0.2 ; 0 ; 1 ; 1 ; 1 ; 1 ; 1 ;
j3057_5.mm ; 1132.388 ; 1 ; 166 ; 256 ; 322 ; 3068 ; 120 ; 0.05 ; 0.05 ; 1 ; 1.000 ; 1 ; 0.5 ; 0.2 ; 0 ; 1 ; 1 ; 1 ; 1 ; 1 ;
j3057_6.mm ; 213.897 ; 2 ; 31 ; 170 ; 327 ; 673 ; 37 ; 0.25 ; 0.125 ; 1 ; 0.500 ; 1 ; 0.5 ; 0.2 ; 0 ; 1 ; 1 ; 1 ; 1 ; 1 ;
j3057_7.mm ; 616.932 ; 0 ; 80 ; 216 ; 150 ; 4771 ; 64 ; 0 ; 0 ; 0 ; -1.000 ; 1 ; 0.5 ; 0.2 ; 0 ; 1 ; 1 ; 1 ; 1 ; 1 ;
j3057_8.mm ; 98.900 ; 1 ; 19 ; 99 ; 59 ; 1065 ; 12 ; 0 ; 0 ; 0 ; 0.000 ; 1 ; 0.5 ; 0.2 ; 0 ; 1 ; 1 ; 1 ; 1 ; 1 ;
j3057_9.mm ; 965.988 ; 1 ; 137 ; 312 ; 1981 ; 2795 ; 111 ; 0 ; 0 ; 0 ; 0.000 ; 1 ; 0.5 ; 0.2 ; 0 ; 1 ; 1 ; 1 ; 1 ; 1 ;
j3057_10.mm ; 2993.956 ; 0 ; 1067311856 ; 1066201459 ; 1065686242 ; 1075182936 ; 365 ; 0 ; 0 ; 0 ; -1.000 ; 1 ; 0.5 ; 0.2 ; 0 ; 1 ; 1 ; 1 ; 1 ; 1 ;
j3058_1.mm ; 11.080 ; 0 ; 0 ; 11 ; 6 ; 129 ; 4 ; 0 ; 0 ; 0 ; -1.000 ; 1 ; 0.5 ; 0.2 ; 0 ; 1 ; 1 ; 1 ; 1 ; 1 ;
j3058_2.mm ; 20.206 ; 0 ; 0 ; 80 ; 25 ; 117 ; 10 ; 0 ; 0 ; 0 ; -1.000 ; 1 ; 0.5 ; 0.2 ; 0 ; 1 ; 1 ; 1 ; 1 ; 1 ;
j3058_3.mm ; 37.344 ; 0 ; 7 ; 95 ; 60 ; 281 ; 6 ; 0 ; 0 ; 0 ; -1.000 ; 1 ; 0.5 ; 0.2 ; 0 ; 1 ; 1 ; 1 ; 1 ; 1 ;
j3058_4.mm ; 21.173 ; 0 ; 0 ; 59 ; 0 ; 54 ; 6 ; 0 ; 0 ; 0 ; -1.000 ; 1 ; 0.5 ; 0.2 ; 0 ; 1 ; 1 ; 1 ; 1 ; 1 ;
j3058_5.mm ; 322.242 ; 0 ; 0 ; 24 ; 0 ; 2758 ; 51 ; 0 ; 0 ; 0 ; -1.000 ; 1 ; 0.5 ; 0.2 ; 0 ; 1 ; 1 ; 1 ; 1 ; 1 ;
j3058_6.mm ; 13.098 ; 0 ; 0 ; 6 ; 0 ; 36 ; 4 ; 0 ; 0 ; 0 ; -1.000 ; 1 ; 0.5 ; 0.2 ; 0 ; 1 ; 1 ; 1 ; 1 ; 1 ;
j3058_7.mm ; 193.045 ; 0 ; 1 ; 59 ; 28 ; 1051 ; 48 ; 0 ; 0 ; 0 ; -1.000 ; 1 ; 0.5 ; 0.2 ; 0 ; 1 ; 1 ; 1 ; 1 ; 1 ;
j3058_8.mm ; 384.185 ; 0 ; 0 ; 127 ; 16 ; 1059 ; 75 ; 0 ; 0 ; 0 ; -1.000 ; 1 ; 0.5 ; 0.2 ; 0 ; 1 ; 1 ; 1 ; 1 ; 1 ;
j3058_9.mm ; 133.502 ; 0 ; 3 ; 87 ; 91 ; 695 ; 27 ; 0 ; 0 ; 0 ; -1.000 ; 1 ; 0.5 ; 0.2 ; 0 ; 1 ; 1 ; 1 ; 1 ; 1 ;
j3058_10.mm ; 85.805 ; 0 ; 1 ; 63 ; 9 ; 218 ; 11 ; 0 ; 0 ; 0 ; -1.000 ; 1 ; 0.5 ; 0.2 ; 0 ; 1 ; 1 ; 1 ; 1 ; 1 ;
j3059_1.mm ; 138.279 ; 0 ; 0 ; 58 ; 10 ; 276 ; 33 ; 0 ; 0 ; 0 ; -1.000 ; 1 ; 0.5 ; 0.2 ; 0 ; 1 ; 1 ; 1 ; 1 ; 1 ;
j3059_2.mm ; 0.290 ; 0 ; 0 ; 2 ; 0 ; 0 ; 2 ; 0 ; 0 ; 0 ; -1.000 ; 1 ; 0.5 ; 0.2 ; 0 ; 1 ; 1 ; 1 ; 1 ; 1 ;
j3059_3.mm ; 0.265 ; 0 ; 0 ; 0 ; 0 ; 0 ; 1 ; 0 ; 0 ; 0 ; -1.000 ; 1 ; 0.5 ; 0.2 ; 0 ; 1 ; 1 ; 1 ; 1 ; 1 ;
j3059_4.mm ; 0.257 ; 0 ; 0 ; 0 ; 0 ; 0 ; 1 ; 0 ; 0 ; 0 ; -1.000 ; 1 ; 0.5 ; 0.2 ; 0 ; 1 ; 1 ; 1 ; 1 ; 1 ;
j3059_5.mm ; 0.315 ; 0 ; 0 ; 1 ; 0 ; 0 ; 2 ; 0 ; 0 ; 0 ; -1.000 ; 1 ; 0.5 ; 0.2 ; 0 ; 1 ; 1 ; 1 ; 1 ; 1 ;
j3059_6.mm ; 0.256 ; 0 ; 0 ; 0 ; 0 ; 0 ; 1 ; 0 ; 0 ; 0 ; -1.000 ; 1 ; 0.5 ; 0.2 ; 0 ; 1 ; 1 ; 1 ; 1 ; 1 ;
j3059_7.mm ; 0.410 ; 0 ; 0 ; 11 ; 1 ; 0 ; 3 ; 0 ; 0 ; 0 ; -1.000 ; 1 ; 0.5 ; 0.2 ; 0 ; 1 ; 1 ; 1 ; 1 ; 1 ;
j3059_8.mm ; 0.264 ; 0 ; 0 ; 0 ; 0 ; 0 ; 1 ; 0 ; 0 ; 0 ; -1.000 ; 1 ; 0.5 ; 0.2 ; 0 ; 1 ; 1 ; 1 ; 1 ; 1 ;
j3059_9.mm ; 0.284 ; 0 ; 0 ; 0 ; 0 ; 0 ; 1 ; 0 ; 0 ; 0 ; -1.000 ; 1 ; 0.5 ; 0.2 ; 0 ; 1 ; 1 ; 1 ; 1 ; 1 ;
j3059_10.mm ; 0.257 ; 0 ; 0 ; 0 ; 0 ; 0 ; 1 ; 0 ; 0 ; 0 ; -1.000 ; 1 ; 0.5 ; 0.2 ; 0 ; 1 ; 1 ; 1 ; 1 ; 1 ;
j3060_1.mm ; 0.411 ; 0 ; 0 ; 2 ; 0 ; 0 ; 2 ; 0 ; 0 ; 0 ; -1.000 ; 1 ; 0.5 ; 0.2 ; 0 ; 1 ; 1 ; 1 ; 1 ; 1 ;
j3060_2.mm ; 0.287 ; 0 ; 0 ; 0 ; 0 ; 0 ; 1 ; 0 ; 0 ; 0 ; -1.000 ; 1 ; 0.5 ; 0.2 ; 0 ; 1 ; 1 ; 1 ; 1 ; 1 ;
j3060_3.mm ; 0.293 ; 0 ; 0 ; 0 ; 0 ; 0 ; 1 ; 0 ; 0 ; 0 ; -1.000 ; 1 ; 0.5 ; 0.2 ; 0 ; 1 ; 1 ; 1 ; 1 ; 1 ;
j3060_4.mm ; 0.278 ; 0 ; 0 ; 0 ; 0 ; 0 ; 1 ; 0 ; 0 ; 0 ; -1.000 ; 1 ; 0.5 ; 0.2 ; 0 ; 1 ; 1 ; 1 ; 1 ; 1 ;
j3060_5.mm ; 0.326 ; 0 ; 0 ; 0 ; 0 ; 0 ; 1 ; 0 ; 0 ; 0 ; -1.000 ; 1 ; 0.5 ; 0.2 ; 0 ; 1 ; 1 ; 1 ; 1 ; 1 ;
j3060_6.mm ; 0.277 ; 0 ; 0 ; 0 ; 0 ; 0 ; 1 ; 0 ; 0 ; 0 ; -1.000 ; 1 ; 0.5 ; 0.2 ; 0 ; 1 ; 1 ; 1 ; 1 ; 1 ;
j3060_7.mm ; 0.251 ; 0 ; 0 ; 0 ; 0 ; 0 ; 1 ; 0 ; 0 ; 0 ; -1.000 ; 1 ; 0.5 ; 0.2 ; 0 ; 1 ; 1 ; 1 ; 1 ; 1 ;
j3060_8.mm ; 0.263 ; 0 ; 0 ; 0 ; 0 ; 0 ; 1 ; 0 ; 0 ; 0 ; -1.000 ; 1 ; 0.5 ; 0.2 ; 0 ; 1 ; 1 ; 1 ; 1 ; 1 ;
j3060_9.mm ; 0.264 ; 0 ; 0 ; 0 ; 0 ; 0 ; 1 ; 0 ; 0 ; 0 ; -1.000 ; 1 ; 0.5 ; 0.2 ; 0 ; 1 ; 1 ; 1 ; 1 ; 1 ;
j3060_10.mm ; 0.242 ; 0 ; 0 ; 0 ; 0 ; 0 ; 1 ; 0 ; 0 ; 0 ; -1.000 ; 1 ; 0.5 ; 0.2 ; 0 ; 1 ; 1 ; 1 ; 1 ; 1 ;
j3061_1.mm ; 293.074 ; 7 ; 9 ; 286 ; 352 ; 5581 ; 60 ; 1.53959 ; 0.219941 ; 2 ; 0.286 ; 1 ; 0.5 ; 0.2 ; 0 ; 1 ; 1 ; 1 ; 1 ; 1 ;
j3061_2.mm ; 139.700 ; 3 ; 16 ; 169 ; 74 ; 968 ; 20 ; 0 ; 0 ; 0 ; 0.000 ; 1 ; 0.5 ; 0.2 ; 0 ; 1 ; 1 ; 1 ; 1 ; 1 ;
j3061_3.mm ; 448.024 ; 6 ; 3 ; 351 ; 930 ; 1731 ; 102 ; 0.760525 ; 0.126754 ; 1 ; 0.167 ; 1 ; 0.5 ; 0.2 ; 0 ; 1 ; 1 ; 1 ; 1 ; 1 ;
j3061_4.mm ; 281.670 ; 10 ; 3 ; 490 ; 1007 ; 1017 ; 67 ; 5.42229 ; 0.542229 ; 6 ; 0.600 ; 1 ; 0.5 ; 0.2 ; 0 ; 1 ; 1 ; 1 ; 1 ; 1 ;
j3061_5.mm ; 79.134 ; 11 ; 3 ; 535 ; 1204 ; 1302 ; 29 ; 4.36159 ; 0.396509 ; 5 ; 0.455 ; 1 ; 0.5 ; 0.2 ; 0 ; 1 ; 1 ; 1 ; 1 ; 1 ;
j3061_6.mm ; 328.011 ; 12 ; 7 ; 625 ; 1189 ; 4196 ; 77 ; 5.4766 ; 0.456383 ; 6 ; 0.500 ; 1 ; 0.5 ; 0.2 ; 0 ; 1 ; 1 ; 1 ; 1 ; 1 ;
j3061_7.mm ; 148.380 ; 7 ; 26 ; 423 ; 1968 ; 1312 ; 35 ; 1.54249 ; 0.220356 ; 2 ; 0.286 ; 1 ; 0.5 ; 0.2 ; 0 ; 1 ; 1 ; 1 ; 1 ; 1 ;
j3061_8.mm ; 37.414 ; 9 ; 9 ; 360 ; 932 ; 303 ; 12 ; 1.92891 ; 0.214324 ; 2 ; 0.222 ; 1 ; 0.5 ; 0.2 ; 0 ; 1 ; 1 ; 1 ; 1 ; 1 ;
j3061_9.mm ; 827.323 ; 14 ; 7 ; 595 ; 3706 ; 1863 ; 85 ; 5.21391 ; 0.372422 ; 6 ; 0.429 ; 1 ; 0.5 ; 0.2 ; 0 ; 1 ; 1 ; 1 ; 1 ; 1 ;
j3061_10.mm ; 63.326 ; 9 ; 16 ; 412 ; 736 ; 816 ; 17 ; 2.61551 ; 0.290612 ; 3 ; 0.333 ; 1 ; 0.5 ; 0.2 ; 0 ; 1 ; 1 ; 1 ; 1 ; 1 ;
j3062_1.mm ; 86.838 ; 1 ; 1 ; 141 ; 336 ; 99 ; 16 ; 0 ; 0 ; 0 ; 0.000 ; 1 ; 0.5 ; 0.2 ; 0 ; 1 ; 1 ; 1 ; 1 ; 1 ;
j3062_2.mm ; 1066.714 ; 1 ; 1067652462 ; 1066462066 ; 1066584142 ; 1076340685 ; 135 ; 0 ; 0 ; 0 ; 0.000 ; 1 ; 0.5 ; 0.2 ; 0 ; 1 ; 1 ; 1 ; 1 ; 1 ;
j3062_3.mm ; 131.194 ; 3 ; 1 ; 105 ; 104 ; 282 ; 42 ; 0.149855 ; 0.0499517 ; 1 ; 0.333 ; 1 ; 0.5 ; 0.2 ; 0 ; 1 ; 1 ; 1 ; 1 ; 1 ;
j3062_4.mm ; 199.440 ; 0 ; 2 ; 128 ; 45 ; 600 ; 23 ; 0 ; 0 ; 0 ; -1.000 ; 1 ; 0.5 ; 0.2 ; 0 ; 1 ; 1 ; 1 ; 1 ; 1 ;
j3062_5.mm ; 419.114 ; 0 ; 2 ; 115 ; 32 ; 1544 ; 32 ; 0 ; 0 ; 0 ; -1.000 ; 1 ; 0.5 ; 0.2 ; 0 ; 1 ; 1 ; 1 ; 1 ; 1 ;
j3062_6.mm ; 280.995 ; 1 ; 2 ; 111 ; 99 ; 1338 ; 21 ; 0 ; 0 ; 0 ; 0.000 ; 1 ; 0.5 ; 0.2 ; 0 ; 1 ; 1 ; 1 ; 1 ; 1 ;
j3062_7.mm ; 43.424 ; 3 ; 3 ; 110 ; 221 ; 32 ; 17 ; 0.736043 ; 0.245348 ; 1 ; 0.333 ; 1 ; 0.5 ; 0.2 ; 0 ; 1 ; 1 ; 1 ; 1 ; 1 ;
j3062_8.mm ; 454.207 ; 0 ; 9 ; 358 ; 246 ; 1303 ; 35 ; 0 ; 0 ; 0 ; -1.000 ; 1 ; 0.5 ; 0.2 ; 0 ; 1 ; 1 ; 1 ; 1 ; 1 ;
j3062_9.mm ; 379.637 ; 0 ; 8 ; 152 ; 127 ; 1219 ; 39 ; 0 ; 0 ; 0 ; -1.000 ; 1 ; 0.5 ; 0.2 ; 0 ; 1 ; 1 ; 1 ; 1 ; 1 ;
j3062_10.mm ; 353.828 ; 0 ; 1 ; 168 ; 125 ; 1202 ; 38 ; 0 ; 0 ; 0 ; -1.000 ; 1 ; 0.5 ; 0.2 ; 0 ; 1 ; 1 ; 1 ; 1 ; 1 ;
j3063_1.mm ; 0.368 ; 0 ; 0 ; 5 ; 1 ; 0 ; 2 ; 0 ; 0 ; 0 ; -1.000 ; 1 ; 0.5 ; 0.2 ; 0 ; 1 ; 1 ; 1 ; 1 ; 1 ;
j3063_2.mm ; 0.304 ; 0 ; 0 ; 0 ; 0 ; 0 ; 1 ; 0 ; 0 ; 0 ; -1.000 ; 1 ; 0.5 ; 0.2 ; 0 ; 1 ; 1 ; 1 ; 1 ; 1 ;
j3063_3.mm ; 0.285 ; 0 ; 0 ; 9 ; 0 ; 0 ; 2 ; 0 ; 0 ; 0 ; -1.000 ; 1 ; 0.5 ; 0.2 ; 0 ; 1 ; 1 ; 1 ; 1 ; 1 ;
j3063_4.mm ; 15.292 ; 0 ; 0 ; 57 ; 24 ; 15 ; 8 ; 0 ; 0 ; 0 ; -1.000 ; 1 ; 0.5 ; 0.2 ; 0 ; 1 ; 1 ; 1 ; 1 ; 1 ;
j3063_5.mm ; 109.783 ; 0 ; 0 ; 69 ; 9 ; 136 ; 12 ; 0 ; 0 ; 0 ; -1.000 ; 1 ; 0.5 ; 0.2 ; 0 ; 1 ; 1 ; 1 ; 1 ; 1 ;
j3063_6.mm ; 67.034 ; 0 ; 0 ; 22 ; 2 ; 57 ; 8 ; 0 ; 0 ; 0 ; -1.000 ; 1 ; 0.5 ; 0.2 ; 0 ; 1 ; 1 ; 1 ; 1 ; 1 ;
j3063_7.mm ; 173.470 ; 0 ; 0 ; 40 ; 24 ; 468 ; 28 ; 0 ; 0 ; 0 ; -1.000 ; 1 ; 0.5 ; 0.2 ; 0 ; 1 ; 1 ; 1 ; 1 ; 1 ;
j3063_8.mm ; 0.376 ; 0 ; 0 ; 11 ; 2 ; 0 ; 2 ; 0 ; 0 ; 0 ; -1.000 ; 1 ; 0.5 ; 0.2 ; 0 ; 1 ; 1 ; 1 ; 1 ; 1 ;
j3063_9.mm ; 0.447 ; 0 ; 0 ; 3 ; 1 ; 0 ; 3 ; 0 ; 0 ; 0 ; -1.000 ; 1 ; 0.5 ; 0.2 ; 0 ; 1 ; 1 ; 1 ; 1 ; 1 ;
j3063_10.mm ; 0.329 ; 0 ; 0 ; 3 ; 0 ; 0 ; 2 ; 0 ; 0 ; 0 ; -1.000 ; 1 ; 0.5 ; 0.2 ; 0 ; 1 ; 1 ; 1 ; 1 ; 1 ;
j3064_1.mm ; 0.255 ; 0 ; 0 ; 0 ; 0 ; 0 ; 1 ; 0 ; 0 ; 0 ; -1.000 ; 1 ; 0.5 ; 0.2 ; 0 ; 1 ; 1 ; 1 ; 1 ; 1 ;
j3064_2.mm ; 0.337 ; 0 ; 0 ; 0 ; 0 ; 0 ; 1 ; 0 ; 0 ; 0 ; -1.000 ; 1 ; 0.5 ; 0.2 ; 0 ; 1 ; 1 ; 1 ; 1 ; 1 ;
j3064_3.mm ; 0.362 ; 0 ; 0 ; 0 ; 0 ; 0 ; 1 ; 0 ; 0 ; 0 ; -1.000 ; 1 ; 0.5 ; 0.2 ; 0 ; 1 ; 1 ; 1 ; 1 ; 1 ;
j3064_4.mm ; 0.281 ; 0 ; 0 ; 0 ; 0 ; 0 ; 1 ; 0 ; 0 ; 0 ; -1.000 ; 1 ; 0.5 ; 0.2 ; 0 ; 1 ; 1 ; 1 ; 1 ; 1 ;
j3064_5.mm ; 0.325 ; 0 ; 0 ; 0 ; 0 ; 0 ; 1 ; 0 ; 0 ; 0 ; -1.000 ; 1 ; 0.5 ; 0.2 ; 0 ; 1 ; 1 ; 1 ; 1 ; 1 ;
j3064_6.mm ; 0.283 ; 0 ; 0 ; 0 ; 0 ; 0 ; 1 ; 0 ; 0 ; 0 ; -1.000 ; 1 ; 0.5 ; 0.2 ; 0 ; 1 ; 1 ; 1 ; 1 ; 1 ;
j3064_7.mm ; 0.317 ; 0 ; 0 ; 0 ; 0 ; 0 ; 1 ; 0 ; 0 ; 0 ; -1.000 ; 1 ; 0.5 ; 0.2 ; 0 ; 1 ; 1 ; 1 ; 1 ; 1 ;
j3064_8.mm ; 0.275 ; 0 ; 0 ; 0 ; 0 ; 0 ; 1 ; 0 ; 0 ; 0 ; -1.000 ; 1 ; 0.5 ; 0.2 ; 0 ; 1 ; 1 ; 1 ; 1 ; 1 ;
j3064_9.mm ; 0.289 ; 0 ; 0 ; 0 ; 0 ; 0 ; 1 ; 0 ; 0 ; 0 ; -1.000 ; 1 ; 0.5 ; 0.2 ; 0 ; 1 ; 1 ; 1 ; 1 ; 1 ;
j3064_10.mm ; 0.302 ; 0 ; 0 ; 0 ; 0 ; 0 ; 1 ; 0 ; 0 ; 0 ; -1.000 ; 1 ; 0.5 ; 0.2 ; 0 ; 1 ; 1 ; 1 ; 1 ; 1 ;
